Fam,Total,Correct/TP,FP,TN,FN,f1bin,f1mac
kitaviridae,2,2,5,4638,0,0.4444444444444445,0.7219528546971711
hepeviridae,32,32,5,4638,0,0.927536231884058,0.9634987484169779
caliciviridae,1762,1576,5,4638,186,0.9428656895004487,0.9613451717809627
luteoviridae,106,106,7,4636,0,0.9680365296803652,0.9836410690216677
mesoniviridae,26,26,5,4638,0,0.9122807017543859,0.9558709833521418
tymoviridae,82,73,6,4637,9,0.9068322981366461,0.9526087424583543
roniviridae,4,4,7,4636,0,0.5333333333333333,0.7662894708481518
peribunyaviridae,4,1,6,4637,3,0.18181818181818182,0.5904243338262513
narnaviridae,72,62,6,4637,10,0.8857142857142858,0.9419960018453022
betaflexiviridae,222,220,6,4637,2,0.9821428571428571,0.9906404869640164
barnaviridae,2,2,6,4637,0,0.4,0.699676724137931
chuviridae,4,4,5,4638,0,0.6153846153846153,0.8074229401672566
nairoviridae,2,1,7,4636,1,0.2,0.5995689655172414
iflaviridae,76,76,6,4637,0,0.9620253164556963,0.9806893823657792
tobaniviridae,16,16,6,4637,0,0.8421052631578948,0.9207293557168784
astroviridae,132,132,7,4636,0,0.974169741697417,0.9867076750301935
secoviridae,36,32,7,4636,4,0.8533333333333333,0.9260741857876404
endornaviridae,60,60,5,4638,0,0.9600000000000001,0.9797306324749488
solemoviridae,38,38,7,4636,0,0.9156626506024096,0.9574541294826899
pneumoviridae,30,27,6,4637,3,0.8571428571428572,0.9280866714885889
polycipiviridae,10,10,5,4638,0,0.8,0.8997306324749489
nyamiviridae,6,3,6,4637,3,0.4,0.6995152429171604
alvernaviridae,2,2,7,4636,0,0.3636363636363636,0.6814409859996668
togaviridae,84,83,7,4636,1,0.9540229885057472,0.976580459770115
artoviridae,2,2,4,4639,0,0.5,0.7497845291962939
mononiviridae,2,2,6,4637,0,0.4,0.699676724137931
picornaviridae,864,659,3,4640,205,0.8636959370904326,0.9208867543799548
aspiviridae,4,2,6,4637,2,0.3333333333333333,0.6662357250592544
matonaviridae,4,4,6,4637,0,0.5714285714285715,0.7853910098522168
flaviviridae,390,369,5,4638,21,0.9659685863874344,0.9815867442795052
gammaflexiviridae,2,2,6,4637,0,0.4,0.699676724137931
sunviridae,2,2,6,4637,0,0.4,0.699676724137931
leviviridae,24,24,6,4637,0,0.888888888888889,0.9441211685823755
virgaviridae,86,86,6,4637,0,0.9662921348314606,0.9828227915536614
permutotetraviridae,2,2,6,4637,0,0.4,0.699676724137931
potyviridae,362,362,5,4638,0,0.9931412894375857,0.9963012771937417
benyviridae,2,2,6,4637,0,0.4,0.699676724137931
alphaflexiviridae,110,106,7,4636,4,0.9506726457399104,0.974743841990929
closteroviridae,90,90,6,4637,0,0.967741935483871,0.9835476918798665
coronaviridae,690,690,4,4639,0,0.9971098265895955,0.9983394424910916
hantaviridae,12,7,7,4636,5,0.5384615384615384,0.7685844960726478
arteriviridae,48,48,7,4636,0,0.9320388349514563,0.9656422216572133
alphatetraviridae,8,8,5,4638,0,0.761904761904762,0.8806830134273298
deltaflexiviridae,4,4,5,4638,0,0.6153846153846153,0.8074229401672566
tombusviridae,136,136,6,4637,0,0.9784172661870503,0.9888853572314562
rhabdoviridae,220,215,6,4637,5,0.9750566893424037,0.9869359914132589
nodaviridae,20,20,5,4638,0,0.888888888888889,0.9441750769193933
marnaviridae,20,20,6,4637,0,0.8695652173913044,0.9344593328335833
paramyxoviridae,214,214,7,4636,0,0.9839080459770114,0.9915768271699907
filoviridae,32,32,7,4636,0,0.9014084507042254,0.9503270295335977
mymonaviridae,2,2,6,4637,0,0.4,0.699676724137931
fimoviridae,8,5,6,4637,3,0.5263157894736842,0.7626731376540025
dicistroviridae,40,40,6,4637,0,0.9302325581395349,0.9647930032076985
bornaviridae,24,24,6,4637,0,0.888888888888889,0.9441211685823755
hypoviridae,24,24,5,4638,0,0.9056603773584906,0.9525608211541942
bromoviridae,30,30,6,4637,0,0.9090909090909091,0.9542221786833855
carmotetraviridae,2,2,7,4636,0,0.3636363636363636,0.6814409859996668
