0,1,2,3
5,66,20,6199
5,66,20,6199
75,427,68,5720
75,427,68,5720
6,55,101,6128
2,169,72,6047
44,41,20,6185
14,248,155,5873
3,346,72,5869
6,55,101,6128
6,311,898,5075
27,38,35,6190
41,20,23,6206
15,243,136,5896
59,416,130,5685
4,326,24,5936
9,443,747,5091
59,17,22,6192
3,246,20,6021
59,415,126,5690
6,133,112,6039
7,136,213,5934
15,92,69,6114
5,95,229,5961
3,228,117,5942
4,110,273,5903
29,89,45,6127
13,102,264,5911
2,93,155,6040
3,284,295,5708
58,13,115,6104
14,47,111,6118
21,157,207,5905
3,380,244,5663
5,224,614,5447
33,207,215,5835
7,87,269,5927
3,268,78,5941
170,38,365,5717
108,134,38,6010
8,64,270,5948
6,127,113,6044
11,42,331,5906
16,99,295,5880
20,639,22,5609
19,160,224,5887
19,593,1053,4625
3,17,172,6098
8,1020,35,5227
2,116,162,6010
4,45,109,6132
43,92,111,6044
13,75,208,5994
4,435,240,5611
63,10,30,6187
6,9,38,6237
87,351,112,5740
3,129,324,5834
19,482,1557,4232
26,8,20,6236
45,98,108,6039
31,222,241,5796
59,527,564,5140
11,384,48,5847
2,17,96,6175
17,73,86,6114
4,734,271,5281
9,380,5,5896
14,49,550,5677
26,156,137,5971
5,72,106,6107
13,537,1547,4193
213,84,521,5472
9,61,21,6199
10,50,79,6151
64,7,35,6184
4,59,127,6100
2,278,544,5466
11,126,84,6069
4,598,300,5388
25,665,885,4715
69,8,155,6058
16,127,128,6019
59,535,578,5118
5,74,234,5977
6,114,57,6113
12,82,127,6069
2,108,51,6129
5,164,287,5834
2,231,6,6051
22,77,545,5646
2,216,61,6011
3,194,306,5787
15,178,202,5895
14,12,33,6231
2,23,71,6194
5,125,167,5993
11,24,171,6084
3,404,414,5469
7,91,128,6064
5,217,25,6043
2,330,2,5956
60,63,661,5506
11,26,26,6227
10,150,59,6071
7,109,39,6135
10,150,14,6116
10,66,492,5722
5,227,291,5767
12,95,108,6075
5,182,842,5261
7,107,31,6145
14,97,427,5752
10,1061,125,5094
25,19,47,6199
17,81,183,6009
6,197,348,5739
9,1181,349,4751
20,38,30,6202
19,7,30,6234
74,172,174,5870
9,22,178,6081
5,396,217,5672
6,39,143,6102
24,41,80,6145
7,65,167,6051
107,40,99,6044
7,20,16,6247
11,51,553,5675
2,60,2,6226
26,446,102,5716
3,91,210,5986
20,59,153,6058
14,97,90,6089
3,27,139,6121
23,378,1550,4339
55,22,32,6181
23,212,144,5911
2,74,194,6020
28,81,214,5967
7,119,130,6034
2,116,28,6144
9,314,544,5423
7,607,273,5403
3,460,2127,3700
7,72,151,6060
8,220,568,5494
45,188,172,5885
7,62,284,5937
10,135,78,6067
38,139,188,5925
59,69,262,5900
2,385,18,5885
4,167,289,5830
63,135,137,5955
15,451,869,4955
43,245,600,5402
61,31,22,6176
58,153,79,6000
77,312,230,5671
76,30,60,6124
92,128,143,5927
31,143,314,5802
31,449,983,4827
2,120,8,6160
6,198,70,6016
15,43,260,5972
82,119,334,5755
8,66,258,5958
5,73,222,5990
2,108,97,6083
8,106,82,6094
6,96,602,5586
18,60,178,6034
9,97,347,5837
5,40,284,5961
12,87,146,6045
6,156,437,5691
6,39,234,6011
5,70,10,6205
12,97,164,6017
13,115,327,5835
32,147,71,6040
2,110,342,5836
57,30,68,6135
7,126,174,5983
5,402,690,5193
6,99,180,6005
5,142,836,5307
3,497,2267,3523
25,932,93,5240
5,1074,544,4667
2,75,10,6203
11,33,647,5599
4,26,197,6063
6,14,181,6089
5,124,603,5558
6,303,373,5608
9,213,64,6004
18,225,535,5512
26,644,171,5449
2,241,317,5730
6,45,172,6067
31,15,29,6215
3,145,6,6136
6,110,104,6070
3,36,26,6225
13,166,265,5846
6,136,622,5526
23,39,109,6119
22,18,111,6139
50,60,231,5949
10,148,70,6062
8,64,204,6014
35,33,38,6184
2,16,50,6222
12,389,921,4968
3,205,116,5966
5,50,178,6057
7,434,42,5807
32,17,29,6212
32,72,135,6051
59,10,88,6133
38,9,17,6226
6,50,161,6073
6,26,97,6161
9,157,293,5831
2,17,4,6267
108,100,351,5731
14,28,30,6218
90,89,420,5691
4,448,61,5777
33,104,231,5922
5,113,62,6110
13,89,376,5812
2,9,85,6194
18,237,761,5274
20,385,2022,3863
19,1375,116,4780
3,112,24,6151
2,89,320,5879
18,6,9,6257
10,74,192,6014
4,34,31,6221
6,85,11,6188
15,57,227,5991
46,85,19,6140
4,35,38,6213
26,381,910,4973
7,86,110,6087
29,218,1330,4713
2,19,15,6254
53,62,286,5889
47,188,91,5964
61,995,69,5165
26,690,565,5009
8,18,188,6076
3,116,183,5988
15,543,102,5630
3,372,14,5901
6,40,236,6008
4,78,24,6184
6,35,29,6220
3,41,21,6225
95,250,243,5702
2,31,25,6232
6,191,29,6064
35,8,27,6220
11,243,226,5810
7,724,100,5459
12,419,311,5548
2,840,5,5443
2,735,781,4772
10,13,15,6252
4,373,134,5779
19,533,442,5296
2,107,134,6047
15,117,67,6091
6,11,48,6225
19,86,357,5828
71,125,240,5854
24,63,647,5556
3,241,69,5977
6,72,211,6001
3,32,151,6104
4,49,117,6120
15,19,54,6202
5,198,15,6072
5,414,841,5030
7,489,152,5642
3,615,727,4945
27,240,1289,4734
39,33,254,5964
72,44,661,5513
4,678,33,5575
90,98,464,5638
32,175,211,5872
11,91,33,6155
7,8,34,6241
34,31,28,6197
7,162,86,6035
3,16,113,6158
15,143,134,5998
9,35,31,6215
37,92,110,6051
21,37,24,6208
19,16,167,6088
46,85,9,6150
3,58,207,6022
14,48,34,6194
16,21,270,5983
10,92,173,6015
9,165,269,5847
3,372,539,5376
2,568,798,4922
9,199,273,5809
15,29,89,6157
9,198,349,5734
17,80,319,5874
4,335,169,5782
4,48,233,6005
19,598,82,5591
3,901,47,5339
14,533,224,5519
12,108,331,5839
2,144,1455,4689
12,150,298,5830
19,1354,187,4730
42,179,74,5995
12,15,33,6230
18,4,54,6214
61,7,83,6139
3,39,23,6225
11,261,514,5504
2,93,7,6188
14,387,286,5603
29,908,124,5229
106,53,97,6034
17,96,324,5853
61,1008,56,5165
6,21,337,5926
5,3,167,6115
8,6,360,5916
4,9,234,6043
5,6,116,6163
5,4,158,6123
5,6,91,6188
6,4,94,6186
9,7,195,6079
8,10,285,5987
5,3,27,6255
8,14,211,6057
4,5,238,6043
6,11,18,6255
10,3,151,6126
8,6,267,6009
4,6,140,6140
5,2,165,6118
10,10,140,6130
6,10,53,6221
4,11,231,6044
9,6,234,6041
15,18,151,6106
9,18,168,6095
5,13,392,5880
19,17,96,6158
7,10,136,6137
8,8,217,6057
7,7,410,5866
11,7,137,6135
11,6,95,6178
13,29,178,6070
5,7,822,5456
8,5,956,5321
6,10,43,6231
10,15,8,6257
9,36,263,5982
10,13,79,6188
7,21,432,5830
12,3,38,6237
6,2,44,6238
10,13,113,6154
6,26,14,6244
7,5,30,6248
8,7,377,5898
9,12,276,5993
18,4,438,5830
10,9,191,6080
5,5,144,6136
7,6,143,6134
5,7,307,5971
7,15,282,5986
5,9,29,6247
9,23,267,5991
8,8,202,6072
6,6,372,5906
9,11,146,6124
15,4,281,5990
11,8,364,5907
15,2,291,5982
8,9,239,6034
8,4,205,6073
10,8,297,5975
7,44,60,6179
5,5,389,5891
7,9,74,6200
6,19,417,5848
5,11,366,5908
4,3,349,5934
8,2,268,6012
11,4,182,6093
12,12,731,5535
8,22,128,6132
19,11,68,6192
11,74,68,6137
13,84,209,5984
5,10,166,6109
13,17,122,6138
12,5,37,6236
5,47,262,5976
4,12,336,5938
8,14,54,6214
8,6,122,6154
9,47,34,6200
8,9,78,6195
11,4,135,6140
28,9,80,6173
13,15,319,5943
21,10,203,6056
25,22,153,6090
12,15,163,6100
20,16,149,6105
14,9,217,6050
23,20,535,5712
11,6,32,6241
19,11,70,6190
7,5,128,6150
11,15,168,6096
8,7,501,5774
15,6,104,6165
10,12,118,6150
10,9,99,6172
6,29,542,5713
13,18,298,5961
9,22,182,6077
10,26,563,5691
7,9,44,6230
8,26,472,5784
14,8,1006,5262
13,150,580,5547
9,7,226,6048
5,4,279,6002
6,11,216,6057
15,11,133,6131
12,12,496,5770
9,7,110,6164
10,23,176,6081
11,6,617,5656
20,35,540,5695
12,33,483,5762
12,14,610,5654
12,19,25,6234
11,5,25,6249
12,2,261,6015
8,29,490,5763
13,17,412,5848
13,6,39,6232
7,22,176,6085
5,9,420,5856
6,3,252,6029
7,9,187,6087
8,6,48,6228
5,13,2247,4025
9,5,456,5820
6,7,25,6252
12,3,327,5948
5,8,35,6242
7,24,47,6212
5,61,27,6197
6,45,55,6184
6,5,596,5683
15,9,8,6258
12,3,79,6196
9,5,27,6249
7,85,195,6003
12,19,117,6142
25,74,446,5745
16,5,346,5923
7,11,34,6238
8,20,71,6191
8,11,143,6128
15,3,78,6194
6,29,288,5967
5,6,493,5786
7,9,748,5526
9,4,359,5918
10,7,764,5509
21,8,82,6179
12,26,253,5999
13,9,82,6186
6,5,177,6102
10,12,267,6001
5,41,52,6192
9,2,14,6265
8,22,263,5997
7,8,16,6259
4,29,240,6017
13,3,8,6266
4,56,33,6197
5,44,142,6099
14,76,93,6107
5,70,56,6159
9,3,42,6236
6,17,11,6256
11,48,220,6011
6,15,10,6259
7,12,417,5854
10,16,358,5906
8,10,71,6201
8,24,77,6181
8,10,504,5768
13,8,136,6133
6,10,79,6195
12,8,69,6201
9,22,261,5998
12,10,450,5818
14,54,298,5924
9,13,615,5653
7,13,938,5332
6,18,38,6228
9,3,136,6142
5,11,312,5962
4,3,126,6157
5,18,135,6132
6,16,109,6159
5,30,36,6219
7,8,54,6221
13,18,70,6189
13,5,88,6184
5,22,100,6163
5,4,859,5422
10,6,235,6039
5,6,64,6215
7,6,76,6201
5,33,315,5937
7,4,149,6130
9,14,236,6031
7,18,251,6014
6,12,70,6202
10,17,73,6190
8,13,145,6124
5,33,37,6215
7,26,163,6094
12,12,81,6185
15,12,69,6194
10,5,451,5824
13,5,82,6190
17,14,268,5991
10,3,22,6255
7,18,109,6156
7,3,183,6097
8,30,208,6044
10,10,88,6182
8,36,134,6112
13,13,120,6144
17,9,145,6119
12,9,16,6253
13,8,181,6088
10,10,530,5740
11,7,525,5747
11,18,285,5976
14,5,92,6179
10,10,71,6199
13,3,444,5830
5,20,165,6100
3,7,626,5654
8,8,168,6106
10,11,820,5449
6,14,1117,5153
12,13,589,5676
8,7,136,6139
9,27,632,5622
9,7,271,6003
7,9,1403,4871
7,55,147,6081
11,13,277,5989
10,17,44,6219
7,37,126,6120
8,9,92,6181
7,2,423,5858
2,11,38,6239
12,15,603,5660
6,24,259,6001
6,44,171,6069
8,9,246,6027
3,57,139,6091
5,6,519,5760
5,8,141,6136
5,33,687,5565
5,8,218,6059
6,11,202,6071
8,16,241,6025
11,17,73,6189
8,28,75,6179
9,10,578,5693
8,19,440,5823
5,34,122,6129
15,19,353,5903
4,130,346,5810
10,6,355,5919
9,8,933,5340
6,20,149,6115
7,11,302,5970
6,17,265,6002
8,11,127,6144
7,18,249,6016
8,8,305,5969
11,9,98,6172
17,10,86,6177
11,8,413,5858
8,10,258,6014
9,10,188,6083
5,23,180,6082
8,57,407,5818
11,20,165,6094
15,14,2218,4043
10,9,1681,4590
20,33,155,6082
8,27,174,6081
17,47,222,6004
10,28,87,6165
9,18,75,6188
46,44,30,6170
13,21,20,6236
10,34,219,6027
10,55,16,6209
7,49,548,5686
12,63,150,6065
5,25,138,6122
11,25,35,6219
8,358,149,5775
13,4,112,6161
13,5,775,5497
8,13,84,6185
5,35,305,5945
9,14,92,6175
6,4,738,5542
6,79,227,5978
6,80,100,6104
10,37,157,6086
7,50,153,6080
10,20,183,6077
12,62,23,6193
10,11,496,5773
11,7,118,6154
14,6,381,5889
6,39,672,5573
8,23,117,6142
11,9,242,6028
7,16,485,5782
4,13,235,6038
9,16,93,6172
8,12,133,6137
6,24,222,6038
8,3,254,6025
9,11,79,6191
7,128,139,6016
15,8,818,5449
6,44,155,6085
17,2,29,6242
13,50,27,6200
11,17,211,6051
5,64,189,6032
8,63,535,5684
9,55,256,5970
6,31,226,6027
6,11,178,6095
8,14,67,6201
8,4,50,6228
9,38,291,5952
10,6,103,6171
9,38,34,6209
12,28,69,6181
13,7,120,6150
18,8,202,6062
9,11,79,6191
8,8,208,6066
12,38,305,5935
10,12,260,6008
14,4,119,6153
8,7,184,6091
8,16,73,6193
10,12,145,6123
34,14,160,6082
11,22,126,6131
18,5,259,6008
18,32,31,6209
11,16,232,6031
8,12,374,5896
14,31,57,6188
10,4,58,6218
8,15,1699,4568
9,43,329,5909
9,2,578,5701
16,5,71,6198
9,16,563,5702
10,9,106,6165
6,12,155,6117
5,12,123,6150
10,8,93,6179
11,8,20,6251
12,24,18,6236
12,25,410,5843
10,17,312,5951
25,8,79,6178
8,21,101,6160
11,5,31,6243
9,9,522,5750
10,4,206,6070
9,16,482,5783
9,6,198,6077
8,6,72,6204
13,4,181,6092
5,19,341,5925
6,11,118,6155
18,15,62,6195
9,5,722,5554
10,16,88,6176
14,33,340,5903
34,12,90,6154
11,16,492,5771
46,56,440,5748
9,22,24,6235
10,10,433,5837
6,26,126,6132
7,13,63,6207
14,44,114,6118
16,4,192,6078
12,8,78,6192
9,7,79,6195
13,50,158,6069
10,8,49,6223
6,80,263,5941
9,7,193,6081
7,143,169,5971
9,11,144,6126
9,11,1206,5064
10,32,16,6232
6,30,660,5594
6,31,1230,5023
6,4,1082,5198
5,3,79,6203
17,17,221,6035
19,61,169,6041
8,8,142,6132
7,14,168,6101
9,4,132,6145
10,37,188,6055
9,15,143,6123
14,34,33,6209
10,33,937,5310
10,10,1485,4785
5,4,1307,4974
12,3,791,5484
9,36,94,6151
7,22,8,6253
10,31,1348,4901
5,5,450,5830
7,53,100,6130
6,18,466,5800
11,11,669,5599
6,15,651,5618
8,7,187,6088
24,24,183,6059
5,12,62,6211
7,5,44,6234
11,359,170,5750
9,12,519,5750
7,7,487,5789
6,8,28,6248
10,3,125,6152
7,8,342,5933
7,3,514,5766
5,8,349,5928
5,76,630,5579
6,5,18,6261
5,9,404,5872
5,24,650,5611
5,6,586,5693
12,10,212,6056
8,30,408,5844
8,19,243,6020
9,20,183,6078
10,7,827,5446
19,5,22,6244
12,8,227,6043
11,10,1555,4714
16,5,168,6101
9,17,60,6204
10,8,215,6057
7,24,73,6186
7,43,139,6101
11,5,230,6044
8,26,156,6100
12,39,379,5860
13,28,954,5295
24,12,324,5930
8,53,597,5632
16,11,413,5850
16,9,259,6006
26,16,67,6181
9,10,190,6081
31,14,430,5815
23,30,105,6132
13,23,907,5347
9,15,59,6207
10,28,57,6195
5,24,283,5978
9,12,100,6169
5,34,113,6138
12,16,142,6120
12,8,8,6262
12,5,25,6248
12,4,120,6154
10,15,470,5795
9,9,226,6046
10,5,584,5691
11,4,188,6087
9,10,23,6248
7,8,314,5961
3,10,31,6246
6,9,137,6138
7,5,172,6106
10,19,236,6025
10,5,704,5571
10,25,241,6014
10,10,358,5912
7,23,266,5994
9,13,279,5989
9,15,719,5547
13,34,218,6025
9,5,117,6159
13,4,162,6111
6,40,87,6157
12,8,36,6234
13,2,163,6112
5,4,50,6231
6,33,286,5965
7,38,282,5963
6,58,200,6026
8,17,168,6097
3,57,382,5848
7,5,286,5992
5,19,89,6177
6,4,132,6148
8,2,76,6204
6,8,52,6224
7,11,26,6246
7,13,69,6201
12,18,39,6221
8,14,29,6239
9,5,142,6134
4,51,56,6179
11,14,313,5952
8,2,130,6150
12,4,30,6244
18,7,252,6013
12,8,62,6208
6,11,597,5676
11,2,791,5486
10,29,248,6003
12,2,472,5804
9,14,45,6222
18,5,69,6198
13,39,195,6043
23,37,105,6125
8,4,244,6034
7,22,190,6071
9,34,193,6054
9,14,11,6256
20,11,149,6110
24,10,420,5836
12,29,10,6239
18,9,11,6252
6,10,24,6250
7,20,3,6260
5,39,32,6214
8,2,47,6233
10,14,258,6008
7,10,350,5923
6,29,180,6075
11,9,69,6201
3,41,22,6224
4,40,76,6170
12,65,78,6135
3,46,79,6162
5,5,73,6207
12,6,21,6251
20,12,118,6140
10,4,132,6144
7,3,228,6052
10,12,57,6211
9,3,133,6145
8,25,121,6136
9,40,178,6063
14,4,61,6211
9,4,50,6227
14,7,76,6193
12,5,180,6093
11,4,76,6199
9,27,165,6089
7,7,364,5912
10,5,145,6130
10,12,6,6262
9,14,70,6197
5,23,102,6160
6,64,309,5911
11,88,161,6030
10,80,54,6146
8,53,570,5659
12,8,42,6228
14,9,82,6185
7,31,118,6134
20,3,50,6217
11,67,73,6139
18,60,630,5582
8,52,244,5986
7,89,684,5510
9,4,329,5948
16,5,79,6190
10,2,373,5905
9,14,209,6058
7,68,155,6060
10,15,116,6149
5,33,305,5947
7,25,133,6125
7,14,52,6217
11,4,108,6167
5,9,645,5631
7,11,30,6242
8,21,968,5293
6,29,443,5812
4,58,1260,4968
6,10,77,6197
10,18,60,6202
26,6,21,6237
11,2,196,6081
7,13,220,6050
9,43,331,5907
14,4,367,5905
8,46,331,5905
8,8,234,6040
7,77,183,6023
6,10,1133,5141
4,18,1848,4420
7,36,330,5917
10,9,434,5837
6,9,2889,3386
9,35,438,5808
6,7,870,5407
7,7,156,6120
7,20,112,6151
6,5,394,5885
5,10,55,6220
11,3,316,5960
22,10,81,6177
11,81,79,6119
10,9,369,5902
15,8,49,6218
22,15,138,6115
13,18,112,6147
10,17,51,6212
10,3,134,6143
7,12,222,6049
4,39,67,6180
7,3,99,6181
9,25,373,5883
8,15,22,6245
5,11,181,6093
9,8,193,6080
9,10,134,6137
7,12,36,6235
7,22,127,6134
7,10,6,6267
13,28,148,6101
15,27,39,6209
7,21,36,6226
23,7,96,6164
3,33,33,6221
9,35,142,6104
27,31,111,6121
7,23,158,6102
9,12,7,6262
11,7,9,6263
9,13,111,6157
9,7,30,6244
9,30,856,5395
8,30,310,5942
6,62,410,5812
9,11,620,5650
5,22,47,6216
13,12,131,6134
6,15,152,6117
9,7,451,5823
6,29,476,5779
6,16,1004,5264
4,24,1243,5019
4,6,606,5674
11,3,170,6106
11,10,10,6259
4,11,124,6151
5,9,12,6264
9,17,21,6243
8,20,27,6235
30,26,62,6172
7,9,58,6216
9,21,107,6153
4,49,169,6068
4,51,281,5954
5,24,82,6179
30,30,52,6178
5,59,1092,5134
30,58,935,5267
46,12,883,5349
4,29,149,6108
4,11,78,6197
23,32,337,5898
5,10,307,5968
9,2,66,6213
6,5,101,6178
4,32,44,6210
6,13,454,5817
7,7,62,6214
7,3,18,6262
5,9,173,6103
6,5,107,6172
24,8,285,5973
5,14,555,5716
28,34,328,5900
9,371,168,5742
5,12,531,5742
7,16,37,6230
7,102,75,6106
6,3,1116,5165
8,11,488,5783
12,4,134,6140
8,10,62,6210
7,8,84,6191
10,18,182,6080
14,9,163,6104
9,6,102,6173
9,9,22,6250
7,6,34,6243
7,27,55,6201
6,9,61,6214
4,6,80,6200
8,5,41,6236
8,2,182,6098
6,7,1032,5245
6,8,66,6210
8,20,181,6081
11,84,1197,4998
8,10,252,6020
7,41,102,6140
12,4,384,5890
13,11,100,6166
9,8,85,6188
10,17,148,6115
12,5,96,6177
6,5,105,6174
5,5,546,5734
6,3,196,6085
7,10,108,6165
5,21,26,6238
10,2,408,5870
8,19,129,6134
11,28,301,5950
12,4,167,6107
21,10,158,6101
7,10,245,6028
13,4,928,5345
10,6,441,5833
6,10,885,5389
4,8,500,5778
6,30,119,6135
6,19,743,5522
18,50,402,5820
7,158,587,5538
6,13,1120,5151
8,11,343,5928
10,482,344,5454
6,162,431,5691
8,4,546,5732
5,25,1359,4901
4,32,199,6055
4,10,871,5405
14,16,34,6226
8,8,14,6260
5,3,17,6265
3,29,17,6241
8,9,37,6236
2,7,804,5477
3,9,258,6020
6,97,584,5603
4,5,1449,4832
5,70,25,6190
4,5,546,5735
8,32,2036,4214
5,12,354,5919
6,7,73,6204
8,8,87,6187
6,4,256,6024
8,9,182,6091
16,10,190,6074
12,7,280,5991
5,25,284,5976
9,8,44,6229
11,12,75,6192
10,10,30,6240
9,4,20,6257
5,13,187,6085
8,12,45,6225
12,14,232,6032
7,17,170,6096
5,117,240,5928
10,4,210,6066
9,272,414,5595
5,39,277,5969
10,41,72,6167
10,17,307,5956
22,11,321,5936
9,24,257,6000
14,5,214,6057
19,6,129,6136
7,45,172,6066
8,6,221,6055
8,17,143,6122
17,18,181,6074
9,20,77,6184
5,19,388,5878
8,4,534,5744
10,9,460,5811
7,14,33,6236
9,13,11,6257
8,43,591,5648
9,16,55,6210
9,8,742,5531
10,12,122,6146
8,3,72,6207
9,16,12,6253
6,50,45,6189
5,6,404,5875
6,10,232,6042
29,19,271,5971
17,6,361,5906
2,84,699,5505
3,39,1100,5148
24,26,302,5938
5,4,384,5897
6,19,1099,5166
9,6,134,6141
2,74,48,6166
8,53,21,6208
5,41,80,6164
6,23,139,6122
3,39,1211,5037
6,4,619,5661
6,9,1134,5141
8,42,131,6109
28,52,554,5656
6,99,867,5318
8,55,408,5819
3,6,32,6249
5,8,266,6011
2,6,43,6239
5,4,578,5703
3,5,49,6233
4,26,355,5905
7,4,652,5627
10,3,711,5566
10,8,359,5913
12,30,100,6148
10,4,21,6255
13,6,89,6182
12,4,98,6176
4,59,46,6181
2,21,127,6140
5,26,54,6205
5,32,221,6032
6,10,29,6245
5,9,120,6156
6,19,84,6181
11,12,126,6141
5,45,221,6019
12,17,60,6201
9,4,136,6141
6,24,361,5899
6,54,191,6039
14,3,223,6050
11,54,141,6084
9,52,238,5991
2,26,931,5331
9,2,868,5411
5,7,1804,4474
5,5,733,5547
5,13,663,5609
5,12,261,6012
7,19,1150,5114
9,6,107,6168
9,33,435,5813
5,50,952,5283
13,13,319,5945
12,144,61,6073
8,44,127,6111
13,3,28,6246
7,15,302,5966
9,4,400,5877
21,24,825,5420
7,213,465,5605
6,46,104,6134
13,9,777,5491
5,260,879,5146
9,77,466,5738
6,82,1081,5121
6,12,650,5622
7,22,519,5742
3,17,640,5630
12,3,551,5724
13,3,415,5859
8,5,295,5982
4,16,281,5989
7,9,26,6248
9,9,36,6236
6,7,354,5923
7,229,476,5578
6,4,352,5928
4,11,32,6243
7,45,222,6016
11,6,156,6117
4,5,122,6159
3,18,29,6240
5,4,208,6073
6,23,922,5339
8,7,503,5772
12,5,632,5641
7,6,39,6238
5,33,39,6213
7,12,17,6254
12,8,62,6208
7,15,248,6020
2,9,550,5729
11,4,246,6029
12,3,152,6123
3,8,563,5716
4,5,1197,5084
8,11,820,5451
12,5,635,5638
13,11,635,5631
7,7,512,5764
8,2,946,5334
10,5,569,5706
11,3,143,6133
12,6,273,5999
11,5,225,6049
11,37,1202,5040
8,15,135,6132
9,37,207,6037
15,26,92,6157
10,9,109,6162
9,2,50,6229
7,11,53,6219
10,11,92,6177
8,12,38,6232
11,32,68,6179
14,2,103,6171
11,14,104,6161
12,4,719,5555
17,4,117,6152
13,11,271,5995
12,5,83,6190
13,4,520,5753
3,54,114,6119
10,28,178,6074
5,46,40,6199
6,16,363,5905
9,18,305,5958
10,3,61,6216
15,10,135,6130
11,3,105,6171
4,43,32,6211
6,26,40,6218
6,10,120,6154
17,28,242,6003
7,48,164,6071
8,8,89,6185
13,10,56,6211
7,19,417,5847
5,36,91,6158
5,16,126,6143
5,6,66,6213
18,3,59,6210
6,37,202,6045
6,5,886,5393
9,9,476,5796
7,12,8,6263
10,3,76,6201
8,8,198,6076
9,13,190,6078
13,19,163,6095
12,104,59,6115
9,10,64,6207
30,15,168,6077
11,7,357,5915
5,24,161,6100
10,15,276,5989
9,25,97,6159
9,6,106,6169
10,11,12,6257
14,3,442,5831
16,31,29,6214
20,47,89,6134
7,8,46,6229
13,22,196,6059
13,9,98,6170
6,18,64,6202
7,68,195,6020
10,11,291,5978
9,19,410,5852
15,7,201,6067
5,23,85,6177
12,15,194,6069
5,107,313,5865
4,100,386,5800
12,6,235,6037
11,6,364,5909
10,17,631,5632
17,8,385,5880
12,43,645,5590
12,299,1360,4619
14,23,498,5755
11,18,589,5672
5,48,394,5843
9,9,634,5638
11,7,283,5989
6,12,330,5942
4,48,311,5927
4,27,542,5717
8,29,130,6123
5,5,877,5403
5,4,1318,4963
5,7,576,5702
11,18,559,5702
9,6,266,6009
6,23,170,6091
9,6,494,5781
11,23,69,6187
7,42,62,6179
5,15,121,6149
7,2,124,6157
5,26,169,6090
5,7,270,6008
5,5,354,5926
3,20,244,6023
8,10,53,6219
9,172,268,5841
5,95,105,6085
6,100,100,6084
7,74,291,5918
3,213,70,6004
4,107,42,6137
10,192,218,5870
2,116,135,6037
6,106,694,5484
17,78,113,6082
8,40,35,6207
10,88,292,5900
2,64,459,5765
5,50,35,6200
5,46,744,5495
9,162,258,5861
7,75,103,6105
2,137,129,6022
12,217,221,5840
5,26,60,6199
7,145,123,6015
2,153,17,6118
5,111,13,6161
5,72,51,6162
11,459,16,5804
5,55,166,6064
17,77,152,6044
4,61,111,6114
2,41,179,6068
4,131,70,6085
8,72,97,6113
9,3,149,6129
4,222,73,5991
9,381,300,5600
3,57,118,6112
3,34,77,6176
6,113,301,5870
7,169,12,6102
28,31,63,6168
9,64,79,6138
4,104,154,6028
15,49,67,6159
4,35,51,6200
2,3,10,6275
6,42,258,5984
3,58,281,5948
3,532,169,5586
5,21,32,6232
6,88,156,6040
3,85,34,6168
2,104,294,5890
10,162,95,6023
4,14,17,6255
15,57,360,5858
4,15,27,6244
3,147,137,6003
2,106,435,5747
2,169,203,5916
5,68,190,6027
7,274,516,5493
5,26,904,5355
11,72,114,6093
2,179,243,5866
6,65,106,6113
4,243,35,6008
4,8,130,6148
7,221,420,5642
2,18,149,6121
2,99,36,6153
3,252,53,5982
7,103,3,6177
4,98,153,6035
5,199,364,5722
19,56,179,6036
55,184,168,5883
11,191,106,5982
10,37,16,6227
4,47,47,6192
6,102,233,5949
16,34,134,6106
9,116,45,6120
4,159,12,6115
6,175,74,6035
3,118,137,6032
4,194,64,6028
5,99,61,6125
2,68,23,6197
7,98,215,5970
11,123,9,6147
5,77,133,6075
19,25,114,6132
3,122,145,6020
3,70,86,6131
6,106,124,6054
2,12,43,6233
12,27,188,6063
3,138,784,5365
6,404,172,5708
15,403,162,5710
2,68,124,6096
8,92,21,6169
10,62,41,6177
17,90,450,5733
3,43,649,5595
13,22,202,6053
17,293,184,5796
7,23,82,6178
20,6,501,5763
4,64,114,6108
4,157,470,5659
3,192,60,6035
2,135,48,6105
9,69,335,5877
2,140,399,5749
6,184,155,5945
6,14,312,5958
6,143,158,5983
12,211,577,5490
12,37,388,5853
2,133,347,5808
3,138,37,6112
4,139,142,6005
2,34,9,6245
2,93,106,6089
21,68,82,6119
11,433,234,5612
4,25,75,6186
14,25,221,6030
2,110,381,5797
5,414,58,5813
3,149,198,5940
4,112,96,6078
6,953,680,4651
11,245,568,5466
5,157,56,6072
5,182,95,6008
4,49,344,5893
5,94,116,6075
7,11,39,6233
6,6,12,6266
3,197,220,5870
4,8,109,6169
4,12,139,6135
66,67,104,6053
17,297,11,5965
7,259,468,5556
59,240,33,5958
5,190,715,5380
3,149,119,6019
13,45,349,5883
25,61,23,6181
2,22,155,6111
9,119,24,6138
24,19,133,6114
4,80,501,5705
3,7,284,5996
5,99,213,5973
6,23,187,6074
3,140,18,6129
2,11,27,6250
4,90,22,6174
5,235,362,5688
8,14,65,6203
2,24,44,6220
25,145,60,6060
24,45,21,6200
12,67,291,5920
2,10,51,6227
11,10,121,6148
6,76,383,5825
19,46,39,6186
3,20,79,6188
2,10,71,6207
5,10,5,6270
5,3,160,6122
2,20,37,6231
7,9,948,5326
8,123,520,5639
9,47,99,6135
3,15,935,5337
3,19,897,5371
2,316,44,5928
2,6,101,6181
2,68,142,6078
6,92,260,5932
3,268,664,5355
24,144,236,5886
2,358,141,5789
8,53,1204,5025
4,13,40,6233
2,7,319,5962
4,66,305,5915
5,87,85,6113
5,263,222,5800
3,80,257,5950
13,3,259,6015
46,54,193,5997
10,50,38,6192
4,14,16,6256
5,74,275,5936
4,335,1399,4552
9,113,649,5519
2,13,36,6239
2,107,180,6001
16,30,932,5312
10,31,222,6027
24,283,105,5878
10,297,559,5424
2,13,7,6268
3,38,32,6217
3,80,947,5260
21,5,209,6055
5,66,248,5971
6,143,95,6046
3,36,93,6158
15,130,129,6016
3,52,334,5901
4,150,246,5890
3,9,200,6078
4,19,180,6087
2,54,26,6208
2,182,117,5989
3,118,150,6019
11,112,42,6125
5,72,272,5941
3,236,233,5818
3,2,101,6184
3,145,443,5699
5,208,739,5338
2,322,36,5930
2,255,44,5989
3,259,37,5991
3,66,88,6133
4,92,17,6177
4,84,251,5951
2,460,4,5824
3,132,415,5740
4,286,87,5913
3,714,455,5118
4,159,27,6100
3,39,752,5496
26,100,275,5889
3,96,283,5908
4,132,1872,4282
30,61,92,6107
21,32,77,6160
3,9,84,6194
8,28,18,6236
2,80,22,6186
2,194,101,5993
2,45,364,5879
2,11,283,5994
8,66,297,5919
11,47,184,6048
2,101,39,6148
28,15,63,6184
2,126,463,5699
7,32,193,6058
6,33,905,5346
4,98,71,6117
7,58,55,6170
4,103,71,6112
6,74,34,6176
4,18,61,6207
7,325,664,5294
16,222,32,6020
50,134,70,6036
4,37,1023,5226
9,53,177,6051
2,115,755,5418
9,158,261,5862
2,38,357,5893
3,285,170,5832
3,260,38,5989
5,298,148,5839
5,97,73,6115
4,163,113,6010
2,127,152,6009
2,79,352,5857
5,136,226,5923
11,53,126,6100
4,59,190,6037
10,89,77,6114
2,100,241,5947
7,217,205,5861
3,1077,220,4990
5,169,1483,4633
14,169,751,5356
6,109,477,5698
9,247,17,6017
28,290,164,5808
18,100,924,5248
38,34,301,5917
2,41,33,6214
55,14,21,6200
5,80,16,6189
51,232,104,5903
61,20,280,5929
32,49,56,6153
12,94,148,6036
93,248,127,5822
2,332,740,5216
24,268,271,5727
6,225,514,5545
13,99,609,5569
9,54,19,6208
3,54,483,5750
13,22,40,6215
11,19,79,6181
9,181,248,5852
2,146,97,6045
11,169,221,5889
2,15,226,6047
3,60,443,5784
4,51,78,6157
3,28,291,5968
20,24,157,6089
28,64,1049,5149
5,63,576,5646
29,23,77,6161
6,122,244,5918
2,175,35,6078
6,144,906,5234
7,96,84,6103
4,163,13,6110
4,5,97,6184
12,19,28,6231
9,108,17,6156
8,287,261,5734
4,33,6,6247
41,156,309,5784
4,47,56,6183
25,73,99,6093
30,137,107,6016
37,44,418,5791
24,32,209,6025
3,70,185,6032
6,32,152,6100
6,102,77,6105
19,36,16,6219
5,146,178,5961
5,100,86,6099
2,137,97,6054
4,173,55,6058
4,137,46,6103
8,34,112,6136
7,39,121,6123
3,37,164,6086
15,59,73,6143
5,229,124,5932
12,181,96,6001
10,23,81,6176
6,158,432,5694
4,115,31,6140
21,222,108,5939
3,106,68,6113
22,188,182,5898
6,296,155,5833
25,54,278,5933
6,215,131,5938
9,65,377,5839
17,158,84,6031
2,23,68,6197
2,64,299,5925
4,112,12,6162
6,138,214,5932
4,90,59,6137
3,65,326,5896
6,155,420,5709
8,85,264,5933
3,187,100,6000
35,34,77,6144
4,17,356,5913
3,292,160,5835
4,191,191,5904
8,205,124,5953
2,6,334,5948
4,40,116,6130
3,15,5,6267
4,173,85,6028
13,49,205,6023
14,58,250,5968
2,32,133,6123
6,13,63,6208
2,123,120,6045
6,30,428,5826
2,37,27,6224
3,2,95,6190
7,146,74,6063
5,127,370,5788
12,325,104,5849
6,84,1557,4643
2,252,17,6019
15,214,154,5907
17,66,52,6155
3,37,167,6083
4,12,295,5979
8,5,121,6156
8,51,110,6121
6,6,69,6209
6,146,116,6022
11,51,11,6217
49,65,77,6099
2,126,156,6006
8,51,118,6113
5,51,32,6202
13,63,392,5822
4,33,21,6232
34,22,78,6156
25,146,11,6108
58,230,243,5759
3,71,110,6106
4,53,154,6079
4,314,61,5911
3,49,69,6169
6,76,7,6201
4,31,31,6224
27,101,377,5785
6,56,373,5855
39,14,92,6145
38,279,378,5595
32,116,214,5928
5,94,365,5826
9,25,118,6138
4,20,756,5510
3,21,624,5642
4,193,826,5267
4,308,147,5831
7,41,243,5999
14,54,109,6113
2,659,456,5173
5,244,185,5856
20,83,1190,4997
3,1057,130,5100
17,128,206,5939
3,33,270,5984
21,234,330,5705
8,150,495,5637
8,54,482,5746
8,45,85,6152
4,45,79,6162
7,42,329,5912
2,3,112,6173
4,691,160,5435
15,98,146,6031
3,40,245,6002
4,129,54,6103
4,10,214,6062
2,68,360,5860
4,123,27,6136
2,455,181,5652
27,13,322,5928
6,138,90,6056
9,401,146,5734
9,51,52,6178
5,133,673,5479
2,451,264,5573
2,358,264,5666
2,49,87,6152
3,66,24,6197
17,24,88,6161
14,168,93,6015
3,122,165,6000
9,27,192,6062
16,114,103,6057
15,205,16,6054
3,559,206,5522
51,50,320,5869
3,277,77,5933
9,627,111,5543
3,187,474,5626
2,143,164,5981
3,589,178,5520
2,234,752,5302
16,89,124,6061
5,63,134,6088
2,20,283,5985
2,44,648,5596
2,40,36,6212
12,5,247,6026
12,27,569,5682
2,285,51,5952
4,3,39,6244
3,11,147,6129
64,276,353,5597
6,375,128,5781
9,79,247,5955
5,54,55,6176
9,6,27,6248
3,53,143,6091
4,28,70,6188
3,69,34,6184
2,29,73,6186
4,136,29,6121
2,231,94,5963
15,52,181,6042
15,89,243,5943
20,175,281,5814
2,38,49,6201
14,140,21,6115
28,181,405,5676
5,397,536,5352
4,166,31,6089
4,21,232,6033
2,6,11,6271
2,16,37,6235
3,6,7,6274
2,122,68,6098
12,7,84,6187
3,20,206,6061
2,12,75,6201
9,25,101,6155
4,130,266,5890
3,220,141,5926
2,71,474,5743
3,55,283,5949
3,120,188,5979
5,57,260,5968
11,243,76,5960
4,151,147,5988
7,183,19,6081
4,101,436,5749
20,26,82,6162
8,20,143,6119
2,141,71,6076
2,44,196,6048
2,106,227,5955
3,108,100,6079
15,481,1067,4727
3,797,513,4977
18,513,640,5119
3,633,465,5189
15,29,264,5982
2,130,116,6042
5,218,165,5902
3,110,307,5870
6,65,379,5840
5,76,49,6160
3,17,95,6175
3,6,20,6261
2,343,173,5772
2,317,139,5832
11,10,158,6111
3,141,173,5973
3,51,246,5990
2,73,523,5692
12,5,59,6214
4,9,96,6181
6,201,269,5814
2,237,167,5884
16,64,529,5681
2,45,19,6224
12,16,71,6191
7,63,95,6125
41,9,45,6195
7,13,14,6256
3,10,52,6225
5,14,64,6207
33,55,151,6051
8,57,30,6195
2,157,1181,4950
4,274,241,5771
5,37,163,6085
10,37,255,5988
4,45,58,6183
6,18,175,6091
2,3,63,6222
7,34,455,5794
2,52,99,6137
8,48,288,5946
14,3,88,6185
5,4,68,6213
4,74,981,5231
6,9,113,6162
3,101,160,6026
2,37,8,6243
23,159,251,5857
28,179,32,6051
71,347,159,5713
15,392,268,5615
18,129,23,6120
3,46,34,6207
36,51,22,6181
3,143,330,5814
66,175,466,5583
19,93,47,6131
125,103,62,6000
23,99,131,6037
8,32,502,5748
3,155,102,6030
3,228,169,5890
5,160,69,6056
4,29,109,6148
4,83,757,5446
30,202,171,5887
11,86,327,5866
14,25,104,6147
5,48,22,6215
7,118,222,5943
3,28,8,6251
24,116,209,5941
21,39,129,6101
14,229,33,6014
2,3,113,6172
20,29,170,6071
3,37,71,6179
6,26,186,6072
3,3,10,6274
72,89,86,6043
15,187,184,5904
28,20,98,6144
4,28,152,6106
42,90,462,5696
10,43,227,6010
7,387,996,4900
19,20,183,6068
4,64,62,6160
10,81,410,5789
31,138,452,5669
3,492,41,5754
2,26,105,6157
5,144,188,5953
3,113,305,5869
8,6,92,6184
9,95,543,5643
12,9,82,6187
15,71,106,6098
9,19,169,6093
4,60,80,6146
4,6,19,6261
7,16,71,6196
2,4,18,6266
4,60,35,6191
5,233,686,5366
4,26,57,6203
2,44,353,5891
6,686,16,5582
5,4,32,6249
2,70,75,6143
3,2,8,6277
5,204,66,6015
9,72,258,5951
14,47,92,6137
2,9,34,6245
6,762,659,4863
15,435,367,5473
6,71,201,6012
3,7,114,6166
25,6,65,6194
15,22,166,6087
38,4,42,6206
12,7,58,6213
2,9,138,6141
4,5,45,6236
6,78,116,6090
2,5,56,6227
36,157,101,5996
34,47,891,5318
19,34,169,6068
6,97,116,6071
32,8,252,5998
10,61,132,6087
10,27,219,6034
2,10,38,6240
19,25,120,6126
11,144,56,6079
32,1531,154,4573
4,611,101,5574
3,8,45,6234
4,5,107,6174
22,18,121,6129
7,4,14,6265
11,29,27,6223
3,38,231,6018
50,29,68,6143
5,12,43,6230
11,91,74,6114
11,47,204,6028
30,169,46,6045
2,14,30,6244
25,45,107,6113
46,13,19,6212
69,40,26,6155
91,24,933,5242
7,12,116,6155
6,13,42,6229
48,471,824,4947
45,8,7,6230
4,9,313,5964
3,38,211,6038
4,4,27,6255
2,8,16,6264
10,2,15,6263
12,20,12,6246
5,21,738,5526
4,10,20,6256
8,34,98,6150
4,117,13,6156
29,291,28,5942
10,98,253,5929
5,6,35,6244
2,10,5,6273
2,3,230,6055
3,2,582,5703
13,41,310,5926
6,114,260,5910
2,43,207,6038
6,13,216,6055
3,84,376,5827
4,277,462,5547
4,78,117,6091
15,25,505,5745
4,53,40,6193
8,20,239,6023
21,21,46,6202
3,34,360,5893
5,24,62,6199
3,163,117,6007
2,110,738,5440
2,347,954,4987
4,11,258,6017
2,320,606,5362
15,67,175,6033
8,13,143,6126
6,14,140,6130
4,63,275,5948
12,3,132,6143
4,105,86,6095
4,12,61,6213
3,17,200,6070
8,138,317,5827
5,6,67,6212
4,27,20,6239
5,11,64,6210
2,2,128,6158
6,87,36,6161
2,325,63,5900
2,152,12,6124
24,72,53,6141
2,38,53,6197
10,437,454,5389
3,281,182,5824
7,1451,294,4538
3,74,156,6057
23,147,68,6052
7,10,454,5819
7,153,121,6009
20,596,393,5281
4,74,465,5747
3,546,42,5699
4,593,237,5456
2,268,11,6009
4,93,161,6032
16,52,98,6124
7,309,416,5558
12,36,1335,4907
11,28,63,6188
6,10,7,6267
9,135,53,6093
12,39,118,6121
3,8,145,6134
4,113,202,5971
8,11,283,5988
3,367,230,5690
2,25,77,6186
6,13,45,6226
2,182,258,5848
10,614,1027,4639
2,61,69,6158
10,35,107,6138
5,71,98,6116
3,185,69,6033
15,122,496,5657
5,73,116,6096
8,621,355,5306
30,214,511,5535
8,52,498,5732
12,60,133,6085
7,11,36,6236
8,31,36,6215
13,79,363,5835
28,41,153,6068
14,14,28,6234
10,145,137,5998
8,50,24,6208
4,35,146,6105
13,106,356,5815
29,40,34,6187
12,53,141,6084
6,57,200,6027
2,64,48,6176
12,71,233,5974
2,18,39,6231
3,62,28,6197
4,96,156,6034
5,78,157,6050
21,31,201,6037
7,80,41,6162
2,13,143,6132
3,33,338,5916
2,131,255,5902
2,364,845,5079
4,15,40,6231
3,38,136,6113
7,80,205,5998
4,72,312,5902
12,83,312,5883
2,48,146,6094
4,55,18,6213
7,7,129,6147
3,6,5,6276
6,27,164,6093
4,34,452,5800
3,31,195,6061
5,272,116,5897
3,31,130,6126
21,111,498,5660
20,131,31,6108
2,75,813,5400
51,93,568,5578
41,18,136,6095
20,28,155,6087
2,201,15,6072
4,105,149,6032
4,118,69,6099
2,64,245,5979
3,581,718,4988
7,299,10,5974
3,91,383,5813
11,179,56,6044
3,31,798,5458
25,78,86,6101
2,52,84,6152
5,29,9,6247
9,40,106,6135
14,50,271,5955
3,47,118,6122
14,62,195,6019
405,331,120,5434
31,59,63,6137
2,106,151,6031
2,325,11,5952
4,39,90,6157
16,13,95,6166
65,46,89,6090
17,76,73,6124
12,140,129,6009
12,67,239,5972
6,181,17,6086
16,169,137,5968
3,340,117,5830
68,3,85,6134
10,202,114,5964
13,97,71,6109
18,30,511,5731
6,68,190,6026
4,96,144,6046
12,67,219,5992
13,35,34,6208
4,7,23,6256
16,88,11,6175
4,91,397,5798
3,118,246,5923
3,42,168,6077
3,22,51,6214
2,552,167,5569
2,17,20,6251
9,53,120,6108
6,40,119,6125
10,92,772,5416
4,74,555,5657
2,27,47,6214
2,4,627,5657
3,24,505,5758
2,188,618,5482
2,89,571,5628
3,25,109,6153
5,16,229,6040
4,161,159,5966
9,240,50,5991
8,41,626,5615
11,207,177,5895
2,34,11,6243
8,157,215,5910
36,39,297,5918
5,112,121,6052
2,22,176,6090
36,12,327,5915
3,29,155,6103
2,85,67,6136
3,34,20,6233
7,282,71,5930
5,229,298,5758
15,27,158,6090
10,49,61,6170
45,43,77,6125
5,96,564,5625
3,41,143,6103
2,111,186,5991
3,7,436,5844
3,429,214,5644
6,93,257,5934
10,91,157,6032
2,83,42,6163
4,10,89,6187
2,66,66,6156
8,23,170,6089
2,125,52,6111
18,16,332,5924
5,252,752,5281
3,230,432,5625
2,78,109,6101
14,116,469,5691
3,69,294,5924
4,74,76,6136
3,99,258,5930
3,193,200,5894
2,200,373,5715
8,217,138,5927
2,206,237,5845
2,118,223,5947
3,73,272,5942
9,293,178,5810
8,247,176,5859
7,46,161,6076
8,50,275,5957
4,196,137,5953
2,148,18,6122
2,49,90,6149
2,17,60,6211
5,147,25,6113
18,42,267,5963
3,91,111,6085
2,198,121,5969
4,401,27,5858
3,55,83,6149
3,31,528,5728
7,444,191,5648
10,203,466,5611
6,46,428,5810
3,9,679,5599
3,138,194,5955
12,431,218,5629
7,288,347,5648
7,132,120,6031
7,60,380,5843
4,6,186,6094
4,14,1286,4986
9,216,912,5153
2,239,961,5088
20,183,201,5886
6,221,499,5564
4,346,276,5664
3,1365,40,4882
5,710,121,5454
6,1488,69,4727
6,841,463,4980
3,118,10,6159
11,520,113,5646
20,315,45,5910
3,55,991,5241
23,130,119,6018
2,32,508,5748
4,19,299,5968
110,89,128,5963
23,285,210,5772
3,59,358,5870
10,20,414,5846
8,75,229,5978
5,34,450,5801
3,3,121,6163
4,315,596,5375
7,229,1721,4333
4,225,309,5752
3,644,527,5116
3,817,1536,3934
37,76,81,6096
71,25,200,5994
16,15,131,6128
37,39,137,6077
26,130,178,5956
16,56,49,6169
2,11,15,6262
25,147,299,5819
6,331,118,5835
9,8,125,6148
10,11,64,6205
5,46,43,6196
6,5,125,6154
7,70,103,6110
14,156,21,6099
31,64,83,6112
2,111,22,6155
3,59,101,6127
7,61,103,6119
4,66,301,5919
4,134,273,5879
4,114,8,6164
4,554,134,5598
7,147,58,6078
3,88,116,6083
3,214,8,6065
2,11,143,6134
7,187,82,6014
5,8,368,5909
7,11,447,5825
5,671,47,5567
32,207,197,5854
7,54,14,6215
3,14,616,5657
22,75,297,5896
6,24,654,5606
17,155,42,6076
6,83,317,5884
6,42,70,6172
35,41,35,6179
3,36,14,6237
6,465,251,5568
2,89,20,6179
13,4,332,5941
29,414,66,5781
46,16,17,6211
15,127,209,5939
48,127,137,5978
2,207,171,5910
5,112,208,5965
12,161,336,5781
5,138,208,5939
5,113,31,6141
4,114,44,6128
18,99,3,6170
4,12,89,6185
8,327,350,5605
11,188,105,5986
25,86,101,6078
6,2,172,6110
14,70,290,5916
14,20,70,6186
6,60,241,5983
10,20,276,5984
7,187,122,5974
5,142,220,5923
24,213,287,5766
4,178,56,6052
3,216,50,6021
8,163,143,5976
3,162,60,6065
9,115,196,5970
14,146,230,5900
12,46,125,6107
25,34,169,6062
5,57,99,6129
3,145,70,6072
15,37,264,5974
3,26,39,6222
10,21,107,6152
8,159,298,5825
4,421,68,5797
12,221,585,5472
5,184,708,5393
19,214,176,5881
5,164,84,6037
51,18,83,6138
2,272,694,5322
18,356,85,5831
32,101,84,6073
23,11,399,5857
9,6,63,6212
6,16,542,5726
6,11,91,6182
12,123,383,5772
6,28,64,6192
8,119,256,5907
8,68,172,6042
14,103,750,5423
78,196,528,5488
4,16,32,6238
2,123,147,6018
3,26,121,6140
11,73,344,5862
3,101,547,5639
6,163,192,5929
2,83,100,6105
5,245,209,5831
15,8,257,6010
20,19,257,5994
2,53,387,5848
9,37,30,6214
3,202,303,5782
4,201,75,6010
6,318,77,5889
3,159,509,5619
3,311,25,5951
2,165,156,5967
6,208,75,6001
3,421,404,5462
15,158,397,5720
3,40,190,6057
44,41,161,6044
2,147,48,6093
10,98,96,6086
19,132,57,6082
6,55,815,5414
35,18,68,6169
5,153,218,5914
8,118,20,6144
2,229,331,5728
31,178,153,5928
5,170,18,6097
4,165,102,6019
5,77,93,6115
9,94,133,6054
7,147,10,6126
16,128,511,5635
14,125,109,6042
3,68,117,6102
6,214,112,5958
4,123,205,5958
2,3,266,6019
13,38,73,6166
10,58,108,6114
6,137,42,6105
10,378,51,5851
5,57,8,6220
6,53,88,6143
35,53,200,6002
31,30,43,6186
2,10,136,6142
17,150,78,6045
99,89,107,5995
5,57,44,6184
12,70,392,5816
2,81,630,5577
3,95,392,5800
4,46,106,6134
7,201,101,5981
13,99,190,5988
7,156,145,5982
5,472,143,5670
36,12,20,6222
26,514,65,5685
6,1043,735,4506
19,1049,383,4839
4,125,752,5409
3,1340,772,4175
4,473,462,5351
6,20,165,6099
2,51,72,6165
33,78,7,6172
10,743,544,4993
9,210,12,6059
16,19,67,6188
11,244,146,5889
6,22,360,5902
12,251,132,5895
16,156,362,5756
23,329,84,5854
8,220,11,6051
23,170,185,5912
15,205,218,5852
18,85,531,5656
41,92,351,5806
4,8,111,6167
5,51,32,6202
13,130,287,5860
10,38,39,6203
2,4,152,6132
3,49,313,5925
65,196,192,5837
12,22,104,6152
98,14,222,5956
8,165,405,5712
4,22,18,6246
6,14,20,6250
29,7,99,6155
2,31,317,5940
37,27,34,6192
34,19,125,6112
33,87,28,6142
14,36,194,6046
28,9,55,6198
10,16,129,6135
3,120,60,6107
12,57,866,5355
29,127,699,5435
39,194,306,5751
18,51,83,6138
2,103,95,6090
63,107,45,6075
31,69,93,6097
43,325,504,5418
10,34,95,6151
8,110,208,5964
22,149,77,6042
6,62,765,5457
2,22,74,6192
15,40,35,6200
8,28,79,6175
5,116,14,6155
3,27,200,6060
49,122,543,5576
21,175,300,5794
60,18,306,5906
45,417,127,5701
3,118,16,6153
2,30,664,5594
3,35,256,5996
3,28,47,6212
4,93,71,6122
6,208,891,5185
4,77,146,6063
4,220,112,5954
17,228,333,5712
8,4,21,6257
2,21,94,6173
2,12,83,6193
16,74,305,5895
27,130,650,5483
8,53,454,5775
73,12,90,6115
7,67,41,6175
11,91,6,6182
5,38,48,6199
34,19,106,6131
2,85,1415,4788
6,36,109,6139
10,59,247,5974
6,5,174,6105
99,207,11,5973
88,72,196,5934
14,128,377,5771
22,79,243,5946
39,8,230,6013
50,61,248,5931
11,204,220,5855
59,18,437,5776
15,217,180,5878
9,188,461,5632
4,191,561,5534
18,183,22,6067
20,85,220,5965
8,150,128,6004
2,601,236,5451
49,63,65,6113
11,63,155,6061
6,178,228,5878
2,53,200,6035
20,69,71,6130
3,48,371,5868
72,390,564,5264
6,54,249,5981
4,53,564,5669
2,667,27,5594
3,177,938,5172
5,139,86,6060
3,104,189,5994
4,22,20,6244
4,113,337,5836
2,39,99,6150
3,45,442,5800
5,96,163,6026
8,432,375,5475
6,379,171,5734
6,99,384,5801
7,83,515,5685
38,310,336,5606
2,137,389,5762
24,10,694,5562
50,163,30,6047
27,130,28,6105
18,52,646,5574
6,46,99,6139
2,71,140,6077
4,84,110,6092
3,11,459,5817
9,47,766,5468
14,5,161,6110
15,82,67,6126
2,68,6,6214
30,210,35,6015
3,247,41,5999
3,96,319,5872
7,145,32,6106
5,51,172,6062
5,128,201,5956
9,117,64,6100
8,125,75,6082
9,70,469,5742
9,231,146,5904
5,139,60,6086
41,140,443,5666
5,50,96,6139
57,160,193,5880
3,28,65,6194
6,53,149,6082
15,17,90,6168
4,287,6,5993
3,255,234,5798
3,183,335,5769
15,143,77,6055
6,252,48,5984
8,91,87,6104
6,77,135,6072
9,236,40,6005
13,159,339,5779
9,56,23,6202
7,144,150,5989
71,60,61,6098
12,90,130,6058
16,419,1128,4727
5,971,815,4499
21,235,504,5530
5,94,362,5829
19,92,185,5994
36,364,143,5747
10,53,59,6168
20,23,159,6088
4,8,15,6263
16,17,66,6191
2,13,594,5681
30,16,303,5941
34,62,115,6079
29,39,79,6143
7,50,213,6020
93,48,65,6084
2,6,214,6068
10,75,79,6126
5,75,96,6114
32,81,108,6069
13,202,74,6001
3,52,194,6041
86,27,47,6130
39,213,177,5861
25,236,87,5942
8,107,320,5855
53,46,291,5900
36,155,97,6002
9,81,458,5742
5,29,376,5880
7,206,614,5463
32,131,92,6035
34,230,44,5982
9,137,434,5710
33,152,125,5980
2,279,12,5997
6,141,187,5956
7,180,215,5888
9,69,94,6118
3,197,397,5693
4,191,98,5997
40,16,172,6062
5,113,312,5860
7,178,213,5892
2,45,102,6141
41,7,407,5835
9,17,208,6056
25,252,48,5965
21,40,349,5880
18,136,325,5811
39,86,142,6023
3,232,159,5896
3,134,496,5657
5,97,364,5824
9,128,310,5843
2,279,118,5891
9,168,268,5845
2,64,208,6016
7,78,537,5668
3,139,243,5905
2,48,91,6149
4,64,1097,5125
8,65,222,5995
5,112,133,6040
4,168,189,5929
7,96,73,6114
16,54,32,6188
2,136,107,6045
2,96,342,5850
5,133,143,6009
5,85,190,6010
6,37,316,5931
7,82,78,6123
7,93,182,6008
6,37,60,6187
3,80,93,6114
2,59,999,5230
10,53,437,5790
4,309,411,5566
2,80,73,6135
12,42,238,5998
3,60,96,6131
3,24,370,5893
5,120,202,5963
2,168,167,5953
2,108,22,6158
41,37,45,6167
7,208,132,5943
2,97,364,5827
2,156,119,6013
2,104,125,6059
8,107,309,5866
5,97,435,5753
3,63,257,5967
6,86,454,5744
24,26,70,6170
5,156,139,5990
6,7,515,5762
5,14,115,6156
7,97,230,5956
8,155,655,5472
6,120,165,5999
8,44,25,6213
10,95,195,5990
9,98,285,5898
9,120,256,5905
2,42,257,5989
16,7,237,6030
7,32,668,5583
12,118,71,6089
4,6,209,6071
2,223,157,5908
4,68,637,5581
2,49,187,6052
2,10,15,6263
32,53,125,6080
21,73,974,5222
67,15,852,5356
6,239,384,5661
8,84,268,5930
7,93,188,6002
18,99,519,5654
8,241,315,5726
15,134,469,5672
26,132,489,5643
3,80,106,6101
3,25,83,6179
14,87,318,5871
2,115,1259,4914
3,69,67,6151
2,18,65,6205
10,92,157,6031
15,47,163,6065
23,83,139,6045
5,45,374,5866
8,78,533,5671
4,39,724,5523
4,336,498,5452
2,34,492,5762
23,19,122,6126
6,59,15,6210
33,113,549,5595
10,33,448,5799
4,89,376,5821
3,106,187,5994
8,701,214,5367
3,79,1111,5097
2,98,11,6179
13,63,1173,5041
7,94,66,6123
2,37,53,6198
15,105,614,5556
7,8,980,5295
4,25,366,5895
8,39,145,6098
2,31,68,6189
8,143,88,6051
2,146,222,5920
6,40,59,6185
2,50,402,5836
4,9,316,5961
2,5,611,5672
2,8,168,6112
3,126,98,6063
7,153,333,5797
6,52,100,6132
25,28,289,5948
7,30,39,6214
2,113,572,5603
2,10,184,6094
9,21,305,5955
2,141,99,6048
3,24,105,6158
9,25,56,6200
6,91,76,6117
23,19,167,6081
64,64,124,6038
5,189,531,5565
13,121,888,5268
4,71,320,5895
5,142,439,5704
6,109,202,5973
42,254,491,5503
8,128,347,5807
3,228,55,6004
11,78,59,6142
3,269,11,6007
3,355,483,5449
4,123,275,5888
2,30,1486,4772
4,19,19,6248
7,39,67,6177
3,53,139,6095
7,23,119,6141
16,5,105,6164
3,272,25,5990
13,23,477,5777
2,3,102,6183
6,69,279,5936
2,23,378,5887
7,53,183,6047
3,207,350,5730
3,57,157,6073
3,20,33,6234
2,123,28,6137
2,69,9,6210
3,145,192,5950
6,66,93,6125
2,333,75,5880
2,234,741,5313
20,40,74,6156
11,112,193,5974
3,42,16,6229
2,193,20,6075
9,98,868,5315
24,76,652,5538
6,98,18,6168
2,34,224,6030
10,28,36,6216
9,26,17,6238
3,44,99,6144
2,12,329,5947
5,13,286,5986
2,3,452,5833
9,27,23,6231
2,39,96,6153
24,33,615,5618
5,126,142,6017
11,115,16,6148
20,60,95,6115
6,36,28,6220
6,251,75,5958
4,80,51,6155
23,113,119,6035
3,239,53,5995
2,104,29,6155
14,75,23,6178
3,92,301,5894
2,412,390,5486
16,13,233,6028
24,48,153,6065
6,158,95,6031
5,5,113,6167
10,68,201,6011
6,210,209,5865
32,86,319,5853
3,29,687,5571
3,132,137,6018
3,52,187,6048
18,119,166,5987
3,82,260,5945
15,257,395,5623
19,35,181,6055
7,199,229,5855
14,42,100,6134
3,530,271,5486
3,239,288,5760
2,55,41,6192
6,3,115,6166
7,47,73,6163
2,27,231,6030
20,16,68,6186
4,5,60,6221
10,73,121,6086
2,45,25,6218
15,58,98,6119
5,29,105,6151
20,120,283,5867
9,8,150,6123
29,98,110,6053
4,83,170,6033
2,54,85,6149
4,25,24,6237
9,280,318,5683
5,11,122,6152
12,58,350,5870
2,57,167,6064
4,31,303,5952
10,32,99,6149
18,40,51,6181
8,89,468,5725
10,49,269,5962
4,46,101,6139
4,107,69,6110
8,50,167,6065
3,126,64,6097
8,143,208,5931
5,179,421,5685
3,11,39,6237
9,81,46,6154
7,12,58,6213
35,269,83,5903
26,78,82,6104
41,43,91,6115
22,61,77,6130
10,122,43,6115
10,34,38,6208
18,11,333,5928
2,34,1085,5169
58,16,1186,5030
69,58,63,6100
37,147,284,5822
17,66,277,5930
2,114,12,6162
9,61,527,5693
10,27,321,5932
8,13,359,5910
72,145,230,5843
9,40,178,6063
19,35,731,5505
16,257,328,5689
35,65,310,5880
3,80,472,5735
4,149,132,6005
3,140,229,5918
27,56,658,5549
10,76,438,5766
5,59,775,5451
5,60,424,5801
18,11,209,6052
2,84,75,6129
3,3,134,6150
2,12,64,6212
22,21,189,6058
19,25,143,6103
14,74,651,5551
4,87,952,5247
97,208,44,5941
20,22,948,5300
8,138,416,5728
7,47,36,6200
11,287,267,5725
8,241,1670,4371
9,83,334,5864
5,23,696,5566
4,86,208,5992
4,31,50,6205
4,76,66,6144
3,11,13,6263
2,184,197,5907
5,58,340,5887
6,58,74,6152
11,165,688,5426
9,157,1678,4446
2,192,346,5750
6,75,96,6113
2,34,17,6237
5,53,69,6163
19,14,363,5894
4,14,77,6195
4,21,136,6129
14,62,208,6006
2,17,180,6091
4,4,141,6141
12,8,216,6054
16,39,89,6146
13,53,268,5956
9,125,181,5975
2,109,54,6125
35,46,49,6160
17,127,121,6025
6,106,278,5900
2,39,33,6216
8,28,217,6037
4,233,261,5792
37,66,6,6181
3,41,1472,4774
15,54,244,5977
5,700,7,5578
2,61,289,5938
8,21,120,6141
27,145,92,6026
8,28,186,6068
14,251,1197,4828
4,297,390,5599
16,8,276,5990
7,18,946,5319
20,30,295,5945
4,113,189,5984
3,143,1075,5069
3,100,345,5842
13,546,1105,4626
4,236,25,6025
5,207,333,5745
7,91,984,5208
3,138,190,5959
2,21,369,5898
3,3,528,5756
10,6,119,6155
31,82,72,6105
4,34,174,6078
11,4,161,6114
8,51,343,5888
4,29,274,5983
77,253,407,5553
22,47,287,5934
28,465,66,5731
47,838,92,5313
11,1627,63,4589
4,43,215,6028
2,25,82,6181
11,461,182,5636
3,901,50,5336
4,52,399,5835
15,84,196,5995
2,151,310,5827
14,31,406,5839
9,377,358,5546
5,62,1379,4844
10,101,93,6086
2,405,523,5360
8,354,49,5879
7,795,509,4979
24,522,5,5739
6,702,108,5474
2,631,26,5631
3,6,41,6240
3,158,158,5971
31,455,381,5423
2,94,40,6154
4,93,57,6136
2,46,14,6228
3,43,402,5842
2,75,597,5616
5,46,222,6017
6,83,95,6106
7,49,52,6182
2,108,18,6162
3,33,102,6152
4,25,18,6243
3,11,26,6250
3,71,217,5999
2,32,78,6178
2,131,14,6143
4,6,789,5491
104,58,187,5941
111,204,128,5847
9,129,445,5707
84,287,33,5886
8,9,544,5729
5,68,240,5977
4,59,278,5949
3,115,392,5780
15,199,86,5990
3,16,559,5712
6,240,74,5970
5,172,138,5975
2,43,76,6169
3,17,48,6222
3,13,432,5842
3,13,231,6043
6,71,85,6128
3,27,75,6185
5,44,36,6205
2,6,56,6226
5,93,151,6041
2,106,444,5738
3,212,123,5952
7,61,46,6176
5,8,157,6120
6,6,348,5930
3,170,123,5994
2,6,340,5942
3,55,6,6226
4,69,451,5766
6,391,1531,4362
4,324,1185,4777
5,71,461,5753
6,65,199,6020
2,80,51,6157
4,281,686,5319
11,25,66,6188
2,12,65,6211
2,4,300,5984
2,11,25,6252
4,9,64,6213
2,9,676,5603
3,100,368,5819
9,11,86,6184
3,59,230,5998
7,12,128,6143
4,109,116,6061
29,18,1245,4998
3,148,180,5959
2,216,29,6043
8,16,319,5947
4,130,226,5930
4,147,23,6116
11,130,3,6146
3,104,211,5972
11,239,288,5752
8,116,33,6133
4,180,83,6023
2,5,131,6152
4,66,191,6029
21,63,578,5628
26,93,263,5908
2,95,1719,4474
13,135,303,5839
6,160,367,5757
9,87,73,6121
10,157,217,5906
27,50,116,6097
12,173,166,5939
9,539,14,5728
7,113,184,5986
12,197,619,5462
2,10,34,6244
4,10,49,6227
9,66,118,6097
4,65,26,6195
12,314,368,5596
3,114,200,5973
6,46,118,6120
5,12,174,6099
3,333,319,5635
4,786,35,5465
4,33,133,6120
2,262,27,5999
27,108,241,5914
3,44,255,5988
5,6,286,5993
4,2,19,6265
4,50,170,6066
7,191,237,5855
3,26,20,6241
7,38,511,5734
13,199,104,5974
2,11,68,6209
2,113,95,6080
2,125,45,6118
7,132,397,5754
36,30,88,6136
4,90,562,5634
7,65,250,5968
34,39,47,6170
21,104,93,6072
6,134,62,6088
22,28,84,6156
6,39,284,5961
2,116,234,5938
2,9,596,5683
7,641,42,5600
3,131,1130,5026
12,33,153,6092
2,170,475,5643
43,78,19,6150
7,243,131,5909
9,213,386,5682
3,156,229,5902
35,46,355,5854
15,112,457,5706
5,205,331,5749
5,136,240,5909
20,395,41,5834
2,143,3,6142
3,141,191,5955
7,95,179,6009
12,92,215,5971
62,15,1240,4973
70,145,546,5529
7,139,126,6018
19,18,138,6115
6,251,144,5889
5,261,447,5577
9,157,619,5505
22,37,206,6025
5,345,235,5705
4,142,630,5514
9,69,176,6036
2,72,474,5742
9,100,15,6166
7,79,387,5817
9,35,60,6186
3,20,298,5969
3,45,63,6179
6,159,49,6076
10,48,69,6163
10,6,59,6215
2,246,162,5880
4,401,313,5572
3,71,288,5928
3,223,41,6023
2,157,1414,4717
3,458,1422,4407
2,26,188,6074
2,98,159,6031
2,17,33,6238
6,71,204,6009
19,46,708,5517
10,146,276,5858
2,68,78,6142
5,50,61,6174
2,7,112,6169
3,14,22,6251
12,10,133,6135
2,91,155,6042
4,12,38,6236
22,22,89,6157
9,68,453,5760
5,49,408,5828
11,20,45,6214
14,12,130,6134
13,36,17,6224
5,8,80,6197
4,10,75,6201
10,86,10,6184
8,23,211,6048
25,6,84,6175
11,50,54,6175
40,15,146,6089
7,106,632,5545
2,14,256,6018
21,101,57,6111
3,31,95,6161
5,569,1503,4213
3,107,139,6041
7,87,137,6059
7,32,176,6075
34,16,21,6219
3,27,203,6057
6,23,93,6168
2,5,253,6030
5,53,78,6154
5,79,25,6181
4,175,107,6004
13,66,103,6108
45,112,229,5904
2,17,272,5999
3,140,111,6036
2,108,234,5946
3,103,286,5898
2,85,309,5894
5,21,444,5820
12,62,83,6133
5,41,278,5966
5,128,63,6094
6,173,902,5209
3,365,298,5624
4,91,68,6127
2,60,94,6134
3,113,217,5957
13,25,170,6082
7,23,25,6235
3,4,21,6262
5,27,20,6238
3,14,27,6246
2,62,129,6097
3,76,24,6187
6,76,573,5635
5,17,75,6193
10,22,9,6249
3,41,5,6241
14,37,57,6182
2,129,17,6142
5,4,56,6225
3,15,129,6143
11,228,190,5861
12,73,66,6139
2,36,70,6182
4,36,90,6160
2,22,170,6096
3,130,410,5747
4,93,16,6177
7,88,234,5961
6,105,20,6159
16,61,69,6144
3,432,16,5839
3,302,281,5704
4,220,203,5863
5,501,223,5561
7,339,37,5907
8,38,84,6160
10,256,337,5687
13,143,10,6124
4,68,128,6090
9,71,408,5802
3,54,19,6214
21,155,98,6016
16,68,137,6069
8,26,198,6058
62,18,602,5608
7,58,487,5738
2,7,46,6235
2,5,553,5730
22,13,27,6228
2,61,141,6086
8,294,254,5734
3,69,71,6147
6,452,29,5803
18,153,87,6032
44,19,224,6003
43,283,269,5695
5,40,265,5980
42,75,141,6032
10,306,185,5789
5,121,189,5975
6,11,40,6233
18,20,204,6048
5,32,140,6113
3,63,18,6206
2,63,233,5992
3,31,69,6187
19,111,265,5895
13,17,66,6194
13,15,49,6213
25,24,35,6206
3,15,30,6242
8,7,16,6259
3,6,13,6268
9,46,6,6229
3,28,9,6250
3,66,71,6150
2,47,40,6201
4,39,44,6203
3,10,4,6273
3,85,96,6106
3,69,31,6187
2,89,207,5992
5,9,146,6130
23,145,64,6058
11,375,384,5520
23,88,39,6140
22,17,120,6131
3,24,707,5556
2,55,155,6078
25,65,223,5977
4,121,220,5945
10,13,122,6145
6,11,28,6245
47,24,68,6151
9,23,18,6240
2,35,525,5728
4,14,8,6264
17,118,96,6059
23,41,204,6022
26,44,109,6111
9,103,198,5980
53,58,110,6069
7,81,586,5616
12,143,86,6049
8,100,157,6025
8,68,355,5859
9,80,181,6020
6,184,68,6032
14,189,61,6026
4,93,129,6064
3,64,479,5744
5,87,190,6008
3,63,46,6178
3,45,220,6022
2,97,218,5973
4,23,35,6228
5,145,155,5985
4,53,224,6009
8,240,204,5838
5,78,243,5964
24,32,206,6028
3,153,46,6088
8,27,234,6021
4,42,108,6136
6,100,89,6095
3,89,36,6162
11,156,549,5574
11,66,221,5992
7,98,130,6055
12,31,25,6222
3,77,171,6039
4,84,287,5915
3,29,37,6221
9,164,85,6032
3,153,70,6064
2,76,261,5951
16,9,69,6196
30,7,14,6239
9,138,63,6080
10,134,145,6001
13,199,204,5874
4,105,34,6147
18,29,197,6046
30,141,347,5772
57,21,40,6172
8,11,403,5868
3,142,270,5875
4,158,77,6051
3,153,208,5926
3,494,443,5350
6,231,317,5736
4,25,22,6239
6,44,208,6032
2,8,119,6161
4,44,77,6165
2,23,147,6118
2,33,83,6172
2,100,131,6057
12,77,63,6138
2,207,265,5816
2,218,129,5941
3,144,82,6061
3,95,172,6020
2,6,59,6223
4,75,209,6002
4,68,57,6161
5,118,410,5757
9,132,88,6061
31,137,969,5153
7,383,1028,4872
4,391,779,5116
5,122,501,5662
8,195,78,6009
3,841,106,5340
21,410,212,5647
22,86,38,6144
19,159,116,5996
50,169,152,5919
5,32,1252,5001
2,245,286,5757
3,37,35,6215
19,82,71,6118
7,26,274,5983
4,15,104,6167
12,145,7,6126
18,30,47,6195
4,11,127,6148
2,93,213,5982
8,74,26,6182
3,59,130,6098
12,271,106,5901
22,192,449,5627
2,34,82,6172
4,54,38,6194
3,197,61,6029
3,204,83,6000
11,28,125,6126
4,17,65,6204
9,115,151,6015
3,116,719,5452
4,19,45,6222
2,32,119,6137
30,18,143,6099
3,78,296,5913
12,159,18,6101
2,33,73,6182
7,44,485,5754
4,11,396,5879
17,175,244,5854
3,635,192,5460
7,46,3,6234
13,14,403,5860
2,6,204,6078
3,11,87,6189
2,90,180,6018
3,113,1360,4814
11,278,225,5776
8,26,249,6007
7,155,137,5991
5,154,144,5987
2,224,134,5930
3,44,111,6132
5,39,140,6106
2,76,8,6204
8,21,98,6163
8,37,102,6143
2,10,83,6195
5,5,74,6206
4,18,4,6264
4,8,15,6263
2,90,79,6119
6,120,52,6112
23,19,35,6213
13,16,29,6232
3,77,779,5431
2,183,156,5949
3,26,82,6179
3,30,88,6169
20,10,78,6182
40,3,325,5922
46,3,25,6216
38,14,32,6206
3,17,28,6242
2,7,22,6259
25,13,143,6109
3,10,34,6243
33,18,392,5847
5,247,315,5723
42,103,108,6037
5,52,150,6083
7,66,284,5933
3,175,202,5910
12,76,134,6068
2,107,165,6016
20,28,89,6153
4,118,107,6061
7,281,45,5957
11,130,24,6125
5,35,107,6143
3,104,261,5922
5,19,71,6195
2,25,103,6160
11,27,54,6198
7,8,262,6013
35,15,90,6150
10,13,35,6232
6,26,113,6145
8,31,18,6233
28,127,131,6004
19,19,16,6236
48,26,43,6173
36,47,40,6167
59,115,55,6061
45,121,36,6088
2,12,37,6239
13,34,121,6122
27,39,272,5952
2,9,14,6265
5,31,86,6168
5,25,108,6152
6,11,68,6205
2,17,26,6245
12,28,45,6205
2,3,167,6118
11,46,51,6182
2,78,11,6199
16,60,69,6145
6,179,516,5589
40,288,34,5928
6,180,293,5811
2,336,572,5380
5,5,32,6248
2,87,27,6174
2,28,98,6162
7,66,53,6164
4,165,142,5979
2,9,71,6208
7,18,233,6032
2,9,100,6179
3,61,648,5578
21,41,341,5887
2,33,72,6183
2,115,156,6017
2,29,45,6214
2,42,61,6185
5,13,76,6196
7,45,18,6220
19,28,170,6073
4,61,189,6036
18,23,245,6004
2,12,444,5832
8,70,6,6206
2,37,246,6005
39,35,64,6152
2,180,123,5985
13,31,85,6161
2,41,40,6207
3,74,91,6122
3,5,27,6255
2,32,134,6122
3,21,601,5665
7,2,13,6268
4,13,92,6181
2,30,74,6184
2,43,15,6230
4,27,24,6235
3,62,120,6105
4,66,60,6160
5,57,84,6144
3,64,200,6023
3,103,172,6012
3,238,31,6018
6,142,14,6128
3,72,3,6212
7,46,34,6203
9,151,28,6102
29,53,124,6084
6,349,134,5801
7,90,34,6159
3,72,147,6068
14,562,64,5650
14,96,228,5952
2,31,467,5790
8,31,91,6160
10,5,42,6233
3,139,63,6085
7,28,96,6159
2,7,47,6234
3,5,11,6271
17,11,23,6239
5,17,65,6203
3,47,83,6157
4,50,46,6190
10,156,97,6027
41,258,365,5626
3,14,27,6246
2,10,66,6212
23,84,442,5741
14,149,279,5848
25,47,28,6190
41,209,164,5876
10,135,646,5499
50,151,61,6028
7,96,192,5995
40,57,140,6053
60,8,49,6173
49,8,311,5922
70,9,89,6122
24,9,95,6162
35,100,255,5900
16,266,268,5740
15,83,498,5694
3,143,236,5908
5,53,289,5943
16,121,151,6002
5,82,36,6167
31,25,391,5843
3,235,81,5971
5,123,28,6134
7,25,47,6211
10,61,145,6074
2,67,55,6166
25,24,98,6143
25,22,48,6195
16,63,386,5825
9,46,400,5835
3,18,620,5649
2,299,239,5750
28,146,206,5910
7,22,102,6159
50,354,440,5446
56,90,286,5858
38,28,96,6128
6,31,94,6159
47,32,419,5792
26,6,262,5996
34,18,485,5753
27,53,56,6154
36,77,140,6037
40,42,174,6034
119,624,14,5533
9,110,68,6103
61,307,32,5890
8,10,159,6113
20,163,617,5490
7,75,35,6173
4,235,347,5704
2,149,161,5978
6,41,146,6097
8,89,123,6070
7,275,292,5716
5,168,1100,5017
3,75,276,5936
9,44,140,6097
3,154,213,5920
2,105,259,5924
2,98,26,6164
4,152,49,6085
4,262,388,5636
4,91,135,6060
7,90,84,6109
3,157,173,5957
5,60,103,6122
6,111,67,6106
12,80,129,6069
4,145,25,6116
2,160,561,5567
2,52,214,6022
80,25,300,5885
9,130,1384,4767
35,54,267,5934
17,38,314,5921
37,40,82,6131
14,74,223,5979
22,33,110,6125
21,493,377,5399
4,201,575,5510
17,272,291,5710
7,31,111,6141
7,89,63,6131
20,27,182,6061
8,94,706,5482
4,186,154,5946
8,66,266,5950
6,95,1020,5169
11,41,345,5893
5,143,239,5903
4,203,82,6001
11,192,594,5493
10,19,85,6176
5,25,28,6232
3,53,282,5952
2,196,408,5684
3,35,651,5601
22,31,456,5781
25,15,337,5913
16,61,330,5883
4,41,806,5439
57,6,129,6098
11,3,259,6017
5,122,100,6063
7,19,215,6049
21,132,143,5994
4,21,260,6005
25,16,600,5649
13,191,929,5157
3,48,388,5851
5,13,187,6085
2,218,85,5985
3,16,129,6142
9,51,10,6220
2,4,101,6183
12,83,65,6130
7,136,774,5373
9,122,362,5797
4,74,77,6135
3,8,570,5709
8,8,85,6189
4,31,59,6196
2,8,413,5867
5,61,66,6158
5,4,313,5968
2,101,61,6126
2,8,23,6257
3,57,271,5959
4,16,374,5896
45,35,17,6193
16,45,75,6154
5,42,332,5911
9,165,647,5469
33,6,19,6232
4,29,296,5961
11,102,253,5924
9,51,697,5533
21,45,81,6143
6,140,224,5920
37,99,18,6136
20,73,582,5615
7,509,375,5399
6,33,126,6125
3,127,213,5947
4,6,148,6132
72,49,20,6149
24,14,60,6192
141,35,1406,4708
16,91,106,6077
38,237,477,5538
18,159,85,6028
10,106,1052,5122
2,6,128,6154
15,48,248,5979
52,65,585,5588
6,307,1015,4962
3,189,760,5338
11,27,78,6174
10,35,350,5895
11,120,217,5942
3,14,207,6066
9,105,906,5270
13,129,22,6126
20,245,136,5889
2,29,255,6004
14,16,726,5534
3,170,1912,4205
10,894,1134,4252
2,159,72,6057
25,71,200,5994
6,29,710,5545
47,908,229,5106
3,292,279,5716
3,469,489,5329
8,49,1361,4872
16,553,435,5286
3,284,419,5584
2,35,63,6190
3,59,345,5883
4,5,401,5880
2,965,13,5310
28,428,65,5769
3,19,1127,5141
5,157,486,5642
3,14,12,6261
4,153,517,5616
5,10,1333,4942
5,17,215,6053
4,133,1428,4725
13,28,397,5852
3,8,54,6225
4,76,33,6177
2,60,615,5613
6,54,140,6090
4,64,75,6147
5,21,37,6227
4,18,802,5466
2,35,12,6241
3,14,243,6030
2,14,39,6235
2,40,103,6145
3,85,42,6160
9,63,102,6116
20,44,142,6084
6,94,37,6153
3,103,678,5506
4,26,192,6068
3,34,115,6138
2,530,52,5706
8,31,194,6057
26,147,658,5459
3,20,370,5897
25,14,3,6248
6,213,714,5357
3,20,95,6172
6,6,6,6272
15,13,37,6225
2,90,33,6165
4,24,161,6101
7,17,151,6115
3,32,51,6204
4,9,65,6212
3,10,44,6233
2,7,31,6250
2,13,63,6212
6,67,248,5969
4,11,71,6204
11,69,38,6172
3,33,5,6249
5,63,533,5689
3,133,436,5718
4,232,112,5942
3,68,221,5998
8,46,11,6225
3,67,264,5956
15,44,103,6128
2,16,60,6212
2,12,58,6218
3,42,47,6198
9,380,426,5475
6,118,106,6060
5,37,407,5841
40,21,85,6144
23,78,109,6080
2,25,261,6002
2,64,76,6148
2,21,46,6221
3,5,2,6280
9,12,14,6255
3,14,26,6247
17,42,255,5976
4,25,39,6222
8,50,164,6068
3,35,146,6106
4,14,34,6238
3,41,23,6223
8,24,65,6193
18,47,50,6175
9,22,40,6219
5,14,154,6117
5,37,944,5304
14,35,72,6169
12,24,167,6087
4,48,240,5998
4,12,82,6192
10,12,54,6214
5,42,169,6074
41,90,18,6141
4,169,150,5967
2,11,72,6205
3,3,12,6272
2,95,260,5933
2,165,89,6034
21,174,58,6037
15,128,154,5993
27,30,202,6031
6,23,93,6168
9,22,94,6165
10,7,167,6106
15,76,43,6156
7,165,14,6104
7,14,173,6096
4,29,323,5934
16,144,257,5873
7,6,33,6244
5,2,117,6166
3,75,221,5991
9,37,47,6197
2,7,3,6278
18,4,107,6161
15,2,178,6095
51,15,15,6209
2,15,63,6210
18,72,72,6128
12,94,62,6122
16,178,31,6065
4,34,19,6233
25,32,16,6217
35,62,105,6088
60,58,17,6155
41,42,5,6202
2,8,268,6012
6,95,30,6159
27,272,298,5693
5,18,162,6105
2,27,53,6208
5,31,36,6218
7,7,50,6226
4,6,202,6078
12,22,878,5378
2,16,30,6242
3,2,64,6221
2,22,105,6161
11,24,191,6064
3,153,9,6125
22,183,32,6053
2,406,20,5862
3,11,335,5941
9,2,18,6261
3,47,53,6187
2,43,43,6202
27,80,92,6091
28,18,182,6062
27,111,63,6089
6,319,275,5690
26,29,67,6168
13,49,106,6122
15,120,357,5798
15,83,77,6115
21,11,105,6153
23,59,255,5953
10,40,28,6212
23,75,200,5992
10,4,363,5913
5,150,60,6075
3,228,54,6005
2,137,17,6134
13,23,93,6161
2,39,368,5881
21,48,85,6136
8,51,204,6027
10,20,329,5931
8,167,202,5913
8,359,88,5835
5,40,209,6036
15,127,256,5892
14,120,119,6037
12,154,155,5969
3,6,51,6230
3,2,119,6166
2,121,71,6096
3,158,39,6090
3,176,69,6042
15,165,898,5212
5,27,191,6067
42,117,342,5789
2,539,4,5745
21,67,267,5935
14,298,575,5403
2,105,382,5801
19,23,265,5983
19,163,122,5986
5,599,1554,4132
36,25,854,5375
14,763,508,5005
3,4,722,5561
5,328,1045,4912
4,187,661,5438
5,14,1277,4994
2,4,14,6270
6,8,102,6174
3,68,2,6217
3,7,150,6130
3,73,51,6163
66,73,71,6080
3,4,6,6277
4,12,24,6250
11,69,102,6108
2,72,112,6104
26,44,18,6202
4,89,239,5958
8,25,91,6166
2,5,67,6216
3,51,146,6090
4,62,44,6180
3,12,124,6151
3,5,109,6173
32,68,778,5412
4,23,719,5544
4,22,72,6192
10,18,179,6083
20,30,19,6221
4,16,5,6265
42,12,165,6071
48,39,90,6113
42,75,44,6129
18,346,214,5712
8,12,209,6061
2,2,18,6268
9,67,523,5691
9,78,8,6195
29,124,155,5982
26,23,113,6128
46,132,85,6027
3,135,186,5966
6,24,38,6222
8,73,92,6117
29,68,65,6128
3,65,47,6175
45,59,63,6123
33,47,114,6096
29,4,153,6104
5,152,886,5247
11,4,74,6201
2,34,29,6225
19,85,30,6156
2,52,27,6209
31,23,564,5672
10,24,105,6151
40,238,65,5947
10,27,54,6199
22,233,52,5983
28,27,47,6188
26,104,29,6131
26,84,853,5327
56,58,96,6080
40,143,127,5980
22,193,679,5396
53,783,188,5266
31,19,1385,4855
7,844,813,4626
29,267,137,5857
22,1002,189,5077
3,8,203,6076
4,3,243,6040
41,108,236,5905
2,44,764,5480
2,11,48,6229
4,69,230,5987
15,124,140,6011
2,25,107,6156
13,140,32,6105
21,332,47,5890
57,315,66,5852
13,753,933,4591
30,459,408,5393
4,1,620,5665
22,317,96,5855
7,543,97,5643
4,9,351,5926
4,76,721,5489
2,8,76,6204
3,17,132,6138
6,200,57,6027
4,102,71,6113
14,180,147,5949
3,10,100,6177
4,18,17,6251
9,229,72,5980
9,165,60,6056
4,92,359,5835
6,8,22,6254
7,6,95,6182
5,118,45,6122
5,15,1149,5121
6,38,144,6102
2,96,124,6068
3,101,68,6118
8,79,7,6196
6,35,36,6213
5,21,35,6229
10,67,99,6114
3,294,624,5369
3,114,55,6118
3,38,110,6139
7,198,177,5908
4,167,130,5989
5,12,130,6143
5,68,32,6185
7,67,129,6087
6,18,170,6096
22,51,52,6165
16,52,198,6024
22,141,211,5916
6,121,110,6053
7,98,377,5808
5,181,10,6094
10,415,33,5832
14,103,231,5942
23,97,54,6116
36,198,209,5847
40,276,179,5795
14,486,126,5664
4,356,1162,4768
2,285,25,5978
9,659,246,5376
4,350,20,5916
2,61,1177,5050
5,260,186,5839
13,67,261,5949
3,301,356,5630
3,28,220,6039
2,25,36,6227
28,29,115,6118
2,4,28,6256
13,90,56,6131
7,285,312,5686
13,2,287,5988
5,311,318,5656
3,785,189,5313
45,6,11,6228
5,487,57,5741
20,987,294,4989
15,46,581,5648
3,40,132,6115
9,11,307,5963
8,28,77,6177
4,55,98,6133
4,120,133,6033
7,153,404,5726
3,88,52,6147
2,14,220,6054
4,13,10,6263
2,22,6,6260
5,45,108,6132
4,73,339,5874
2,2,129,6157
3,67,175,6045
3,7,36,6244
70,73,54,6093
2,80,92,6116
81,53,510,5646
7,69,320,5894
6,73,40,6171
5,39,156,6090
5,52,158,6075
11,36,21,6222
8,41,27,6214
5,83,125,6077
5,18,598,5669
2,118,6,6164
15,17,107,6151
4,5,18,6263
6,193,76,6015
4,7,21,6258
5,21,7,6257
3,92,19,6176
3,31,10,6246
2,34,45,6209
38,37,110,6105
6,20,172,6092
5,294,130,5861
6,6,9,6269
5,34,92,6159
3,45,49,6193
23,55,68,6144
4,9,99,6178
8,168,130,5984
4,6,74,6206
16,188,365,5721
5,173,47,6065
5,23,90,6172
2,72,103,6113
2,17,12,6259
2,187,899,5202
8,41,247,5994
3,14,288,5985
5,11,336,5938
9,91,31,6159
3,387,252,5648
10,196,235,5849
12,108,14,6156
3,794,45,5448
3,230,49,6008
3,604,17,5666
7,113,665,5505
4,154,718,5414
9,29,146,6106
6,73,41,6170
10,134,96,6050
9,92,115,6074
6,223,146,5915
8,154,120,6008
23,38,891,5338
39,112,48,6091
15,73,222,5980
12,12,99,6167
2,535,586,5167
4,47,4,6235
20,55,216,5999
15,90,110,6075
2,49,81,6158
26,124,114,6026
6,26,122,6136
5,20,632,5633
8,10,129,6143
42,76,219,5953
4,10,158,6118
11,61,366,5852
6,53,359,5872
4,36,277,5973
2,65,229,5994
5,37,46,6202
9,12,45,6224
5,52,75,6158
2,467,300,5521
8,16,190,6076
11,229,156,5894
4,176,254,5856
9,84,74,6123
4,49,56,6181
2,6,201,6081
3,105,23,6159
3,9,116,6162
2,91,163,6034
6,33,190,6061
4,17,98,6171
2,63,139,6086
3,306,713,5268
11,1044,38,5197
7,314,8,5961
5,6,27,6252
3,33,364,5890
8,211,321,5750
3,96,355,5836
3,16,196,6075
3,47,189,6051
4,18,30,6238
18,69,611,5592
3,45,12,6230
8,2,16,6264
2,10,9,6269
36,12,37,6205
2,4,271,6013
4,135,37,6114
14,36,94,6146
6,89,329,5866
2,42,1394,4852
12,15,54,6209
14,80,91,6105
16,332,192,5750
6,91,441,5752
4,186,107,5993
10,101,242,5937
5,4,299,5982
2,73,12,6203
3,85,130,6072
15,218,36,6021
5,44,98,6143
10,89,23,6168
8,281,86,5915
11,92,117,6070
7,126,285,5872
4,21,148,6117
2,66,294,5928
9,347,125,5809
4,96,229,5961
5,177,723,5385
4,3,316,5967
9,382,209,5690
3,191,19,6077
4,266,271,5749
8,278,510,5494
3,58,419,5810
4,152,65,6069
8,644,18,5620
5,283,32,5970
6,277,251,5756
3,808,22,5457
8,151,233,5898
5,4,72,6209
4,334,368,5584
2,413,59,5816
5,13,238,6034
2,149,75,6064
23,205,36,6026
8,54,182,6046
14,48,781,5447
2,11,299,5978
32,282,533,5443
10,198,108,5974
18,137,107,6028
13,5,344,5928
39,273,81,5897
9,247,298,5736
9,15,136,6130
3,380,245,5662
16,723,133,5418
5,313,295,5677
7,59,31,6193
5,760,178,5347
4,95,216,5975
4,135,1510,4641
4,214,123,5949
2,359,174,5755
4,274,402,5610
7,178,332,5773
5,519,235,5531
6,1629,16,4639
12,730,361,5187
11,1225,21,5033
6,691,89,5504
7,110,270,5903
8,406,275,5601
13,913,750,4614
3,369,240,5678
3,67,331,5889
5,28,159,6098
15,229,872,5174
10,74,388,5818
22,21,485,5762
2,320,221,5747
7,747,101,5435
16,156,158,5960
2,305,276,5707
15,174,84,6017
8,303,20,5959
7,22,703,5558
5,511,97,5677
4,664,1098,4524
14,899,242,5135
9,48,221,6012
8,52,127,6103
3,43,6,6238
9,99,52,6130
3,3,53,6231
2,5,6,6277
3,9,6,6272
5,8,374,5903
6,42,533,5709
6,24,265,5995
3,3,5,6279
4,9,100,6177
8,91,97,6094
6,17,8,6259
2,110,51,6127
42,38,9,6201
3,135,184,5968
6,70,55,6159
8,4,78,6200
4,12,51,6223
3,54,493,5740
4,462,17,5807
4,157,191,5938
5,375,180,5730
2,110,210,5968
8,136,119,6027
10,71,157,6052
3,30,5,6252
4,8,307,5971
20,603,438,5229
5,553,15,5717
13,506,140,5631
10,30,395,5855
2,280,116,5892
4,370,122,5794
3,308,207,5772
2,26,58,6204
2,30,78,6180
27,32,37,6194
40,124,27,6099
2,131,97,6060
6,50,416,5818
6,100,246,5938
9,251,289,5741
10,1606,92,4582
53,54,948,5235
15,92,878,5305
49,810,179,5252
2,57,231,6000
2,134,117,6037
13,56,154,6067
6,94,1013,5177
6,79,83,6122
2,66,15,6207
6,47,67,6170
7,72,27,6184
9,55,153,6073
14,34,587,5655
2,4,89,6195
6,56,441,5787
3,135,124,6028
5,128,273,5884
2,4,591,5693
6,410,77,5797
12,105,183,5990
10,67,487,5726
4,305,64,5917
5,75,134,6076
2,207,45,6036
8,120,14,6148
2,127,9,6152
9,126,96,6059
6,109,255,5920
3,88,171,6028
3,67,307,5913
2,58,103,6127
12,141,168,5969
7,207,144,5932
3,58,150,6079
17,52,79,6142
10,57,45,6178
3,200,311,5776
3,2,16,6269
6,6,15,6263
4,105,30,6151
4,33,96,6157
3,38,58,6191
3,40,53,6194
8,8,60,6214
2,20,33,6235
22,6,17,6245
4,8,8,6270
4,60,227,5999
4,9,131,6146
2,156,426,5706
10,65,50,6165
20,95,611,5564
16,50,436,5788
8,29,309,5944
18,97,1149,5026
26,12,80,6172
17,64,33,6176
3,85,180,6022
12,91,158,6029
3,32,527,5728
6,227,122,5935
2,26,73,6189
4,57,362,5867
19,32,263,5976
13,31,202,6044
5,194,54,6037
27,81,71,6111
40,7,133,6110
12,24,44,6210
83,97,440,5670
82,23,249,5936
5,209,59,6017
6,84,18,6182
3,124,9,6154
8,147,49,6086
9,116,224,5941
408,327,141,5414
19,148,194,5929
26,40,954,5270
20,16,337,5917
33,62,27,6168
7,46,57,6180
17,114,406,5753
10,128,114,6038
12,69,49,6160
2,167,38,6083
35,54,173,6028
20,154,19,6097
9,411,122,5748
5,61,92,6132
20,173,119,5978
4,91,207,5988
7,701,281,5301
6,129,185,5970
7,173,421,5689
21,83,142,6044
10,157,177,5946
2,71,78,6139
4,56,260,5970
6,7,200,6077
10,39,85,6156
7,68,57,6158
2,17,87,6184
5,37,44,6204
5,15,12,6258
3,120,142,6025
26,48,699,5517
57,35,462,5736
2,54,271,5963
8,60,727,5495
2,349,172,5767
7,96,64,6123
4,71,142,6073
13,234,65,5978
15,171,157,5947
11,119,289,5871
10,299,62,5919
4,190,114,5982
9,79,208,5994
13,200,174,5903
2,122,84,6082
2,58,150,6080
3,26,80,6181
5,81,85,6119
7,103,202,5978
9,33,16,6232
17,219,8,6046
6,116,293,5875
6,30,227,6027
7,5,75,6203
21,28,39,6202
3,133,90,6064
5,198,101,5986
4,48,91,6147
3,5,615,5667
16,618,725,4931
16,60,371,5843
2,79,131,6078
2,233,278,5777
11,23,34,6222
2,17,169,6102
7,13,13,6257
2,7,16,6265
3,57,100,6130
6,32,90,6162
3,46,27,6214
3,4,5,6278
11,161,264,5854
2,132,99,6057
74,83,369,5764
2,66,165,6057
2,43,127,6118
5,13,41,6231
3,69,190,6028
2,27,87,6174
11,158,26,6095
3,209,19,6059
3,137,1350,4800
2,15,380,5893
15,25,267,5983
2,6,53,6229
2,61,45,6182
2,5,75,6208
2,37,179,6072
4,83,36,6167
10,30,78,6172
2,8,2,6278
14,35,695,5546
5,9,81,6195
13,53,169,6055
2,4,12,6272
4,12,31,6243
7,43,92,6148
15,10,52,6213
28,26,34,6202
3,7,307,5973
8,128,41,6113
8,99,93,6090
28,28,114,6120
8,17,400,5865
9,40,497,5744
5,9,500,5776
4,163,429,5694
3,35,167,6085
2,5,103,6180
2,15,5,6268
11,46,54,6179
4,120,40,6126
22,171,219,5878
20,229,68,5973
5,268,307,5710
9,86,100,6095
5,22,742,5521
2,273,8,6007
14,124,105,6047
18,80,207,5985
22,65,293,5910
4,21,50,6215
3,124,85,6078
34,16,21,6219
22,115,384,5769
4,112,172,6002
13,168,70,6039
2,28,157,6103
4,82,556,5648
11,185,60,6034
6,32,211,6041
8,112,401,5769
9,389,999,4893
4,292,178,5816
4,82,456,5748
29,10,67,6184
62,3,11,6214
16,43,499,5732
35,20,455,5780
43,32,81,6134
35,26,67,6162
3,24,61,6202
9,228,205,5848
4,6,267,6013
12,82,422,5774
6,6,1567,4711
5,316,85,5884
14,64,123,6089
14,61,535,5680
6,158,48,6078
15,181,37,6057
3,226,279,5782
5,98,245,5942
4,34,189,6063
3,243,160,5884
4,164,74,6048
2,288,17,5983
2,1055,49,5184
7,169,13,6101
2,52,62,6174
7,585,55,5643
2,134,1065,5089
4,200,172,5914
3,211,178,5898
8,1527,199,4556
3,864,1208,4215
8,414,99,5769
4,336,695,5255
3,64,409,5814
5,147,124,6014
10,857,1122,4301
41,323,439,5487
12,87,303,5888
13,48,185,6044
27,130,142,5991
8,81,436,5765
6,339,71,5874
3,206,123,5958
31,296,542,5421
5,25,289,5971
27,166,71,6026
11,364,531,5384
26,116,10,6138
6,90,395,5799
7,103,111,6069
3,45,393,5849
21,31,211,6027
2,183,399,5706
4,116,197,5973
2,187,21,6080
10,145,31,6104
7,170,590,5523
7,304,133,5846
3,66,241,5980
19,7,130,6134
13,36,706,5535
38,160,221,5871
2,151,313,5824
29,49,81,6131
3,157,493,5637
4,167,240,5879
3,194,60,6033
19,42,761,5468
22,141,236,5891
8,172,395,5715
6,310,95,5879
31,22,344,5893
12,166,593,5519
11,166,307,5806
12,65,1279,4934
73,187,371,5659
37,129,329,5795
24,449,638,5179
9,254,476,5551
23,51,118,6098
3,172,227,5888
3,460,101,5726
2,42,65,6181
4,18,373,5895
7,201,140,5942
3,101,899,5287
15,43,497,5735
2,40,245,6003
5,87,185,6013
12,35,123,6120
2,82,373,5833
3,52,21,6214
8,144,354,5784
11,74,209,5996
5,202,187,5896
3,100,65,6122
68,10,886,5326
56,82,68,6084
32,81,397,5780
148,138,1310,4694
115,20,187,5968
60,233,75,5922
89,77,358,5766
55,123,99,6013
5,159,49,6077
8,69,60,6153
3,85,23,6179
16,339,187,5748
10,285,982,5013
19,38,130,6103
19,69,580,5622
47,71,154,6018
7,206,173,5904
6,143,1105,5036
3,102,23,6162
14,50,173,6053
8,321,187,5774
8,316,339,5627
43,131,436,5680
42,553,561,5134
5,442,253,5590
10,52,177,6051
7,21,195,6067
8,145,99,6038
58,18,91,6123
64,362,155,5709
3,52,18,6217
34,72,70,6114
9,108,64,6109
5,78,961,5246
2,44,341,5903
42,160,211,5877
11,189,220,5870
6,96,164,6024
12,45,153,6080
10,86,150,6044
7,15,225,6043
4,56,124,6106
3,20,1425,4842
9,15,315,5951
15,85,105,6085
2,71,379,5838
2,186,112,5990
5,14,155,6116
6,56,127,6101
5,478,629,5178
11,7,90,6182
6,14,75,6195
6,53,376,5855
6,65,181,6038
5,17,50,6218
2,8,54,6226
2,56,22,6210
3,27,435,5825
3,32,95,6160
4,16,163,6107
3,36,28,6223
3,28,212,6047
4,4,55,6227
3,7,51,6229
7,114,184,5985
5,27,52,6206
3,49,299,5939
3,52,289,5946
8,219,317,5746
2,144,158,5986
4,43,77,6166
22,26,25,6217
18,90,50,6132
2,109,197,5982
6,172,100,6012
10,112,235,5933
9,115,185,5981
17,49,100,6124
9,86,11,6184
32,67,454,5737
3,137,52,6098
3,261,53,5973
2,40,310,5938
19,86,33,6152
5,580,188,5517
6,258,180,5846
6,185,109,5990
9,90,672,5519
6,8,60,6216
2,29,39,6220
7,9,114,6160
4,22,31,6233
7,34,54,6195
20,135,157,5978
6,67,19,6198
3,71,9,6207
3,71,123,6093
3,50,457,5780
29,63,435,5763
7,52,81,6150
5,126,1227,4932
2,112,240,5936
6,23,287,5974
5,50,235,6000
5,55,595,5635
2,74,693,5521
2,153,73,6062
2,14,9,6265
2,23,270,5995
4,28,167,6091
5,46,48,6191
5,18,48,6219
2,149,44,6095
2,20,26,6242
4,9,315,5962
24,101,71,6094
2,130,232,5926
3,106,221,5960
5,163,127,5995
10,12,38,6230
2,60,178,6050
21,79,292,5898
4,457,387,5442
3,408,117,5762
2,63,56,6169
7,131,599,5553
7,254,128,5901
15,58,319,5898
4,143,31,6112
16,173,180,5921
3,41,8,6238
3,8,360,5919
30,27,336,5897
7,39,108,6136
5,14,465,5806
6,10,64,6210
3,17,169,6101
5,7,186,6092
21,274,31,5964
5,91,164,6030
2,127,301,5860
4,5,29,6252
12,10,170,6098
43,96,238,5913
6,128,184,5972
20,130,131,6009
9,9,88,6184
11,53,349,5877
5,256,404,5625
33,409,109,5739
6,51,42,6191
3,20,37,6230
2,45,114,6129
3,16,24,6247
2,20,15,6253
2,5,179,6104
13,83,631,5563
30,19,88,6153
3,259,370,5658
44,123,315,5808
49,247,141,5853
29,518,127,5616
2,14,97,6177
31,7,111,6141
15,95,354,5826
3,57,103,6127
2,10,5,6273
10,24,51,6205
3,33,9,6245
4,18,38,6230
10,95,71,6114
6,24,16,6244
27,13,69,6181
12,3,38,6237
43,8,35,6204
52,11,17,6210
2,3,112,6173
3,5,42,6240
2,57,15,6216
7,81,18,6184
5,68,192,6025
3,4,94,6189
4,21,188,6077
5,61,54,6170
3,5,17,6265
6,58,93,6133
2,24,68,6196
8,3,69,6210
5,46,41,6198
23,75,45,6147
7,200,100,5983
21,135,206,5928
26,80,132,6052
11,53,322,5904
3,8,315,5964
22,233,134,5901
16,14,74,6186
9,17,62,6202
13,26,83,6168
34,16,94,6146
5,31,15,6239
5,148,36,6101
6,76,21,6187
24,185,46,6035
32,74,53,6131
51,24,47,6168
20,28,109,6133
41,247,28,5974
9,86,244,5951
5,158,69,6058
2,205,159,5924
2,176,546,5566
3,4,295,5988
7,14,85,6184
3,73,35,6179
14,16,193,6067
3,73,100,6114
2,143,180,5965
7,86,119,6078
13,207,171,5899
4,3,123,6160
3,35,223,6029
3,136,81,6070
3,155,72,6060
4,1351,566,4369
3,198,1442,4647
5,225,619,5441
17,103,510,5660
3,29,69,6189
8,88,101,6093
3,65,137,6085
4,39,41,6206
17,23,132,6118
2,20,135,6133
2,165,147,5976
5,192,86,6007
2,60,74,6154
6,24,128,6132
2,67,7,6214
12,38,35,6205
4,23,107,6156
2,38,37,6213
36,9,81,6164
2,6,40,6242
2,36,259,5993
7,98,125,6060
4,164,53,6069
2,58,19,6211
12,15,72,6191
12,152,35,6091
16,45,13,6216
2,113,95,6080
4,11,668,5607
3,3,190,6094
4,40,663,5583
8,67,138,6077
2,66,93,6129
6,63,87,6134
4,45,53,6188
11,115,199,5965
3,148,53,6086
3,156,2,6129
2,69,37,6182
6,21,82,6181
3,110,249,5928
5,202,169,5914
17,217,185,5871
4,296,366,5624
3,114,133,6040
20,24,151,6095
6,68,258,5958
18,75,36,6161
15,109,326,5840
30,57,472,5731
2,56,55,6177
6,178,594,5512
4,82,565,5639
6,86,273,5925
5,44,32,6209
3,52,66,6169
5,150,85,6050
10,152,145,5983
6,156,25,6103
2,49,87,6152
8,18,306,5958
3,232,261,5794
2,288,10,5990
3,212,59,6016
6,59,163,6062
6,157,264,5863
2,154,284,5850
3,135,252,5900
8,66,177,6039
5,39,641,5605
2,5,580,5703
6,151,132,6001
2,96,1602,4590
14,23,4,6249
3,293,420,5574
4,96,130,6060
6,176,70,6038
2,163,189,5936
5,129,78,6078
2,90,288,5910
4,229,394,5663
3,130,175,5982
2,293,319,5676
2,34,139,6115
8,141,410,5731
24,299,109,5858
5,418,29,5838
3,86,146,6055
6,413,98,5773
3,563,519,5205
5,1089,131,5065
4,631,1207,4448
4,139,113,6034
4,146,689,5451
5,452,683,5150
7,126,56,6101
2,52,159,6077
7,68,93,6122
4,58,33,6195
3,113,180,5994
2,12,117,6159
6,25,131,6128
2,60,27,6201
24,23,137,6106
4,199,110,5977
3,232,401,5654
12,126,9,6143
9,356,185,5740
2,71,265,5952
7,87,132,6064
10,60,209,6011
9,79,551,5651
4,10,397,5879
2,43,89,6156
9,89,8,6184
3,70,236,5981
6,24,77,6183
5,26,61,6198
7,5,47,6231
5,17,7,6261
11,55,50,6174
11,46,60,6173
37,57,18,6178
14,69,75,6132
5,3,149,6133
2,81,63,6144
10,59,187,6034
3,55,152,6080
6,154,425,5705
4,69,311,5906
23,58,557,5652
5,78,104,6103
2,68,136,6084
2,152,282,5854
5,225,30,6030
3,87,163,6037
2,158,518,5612
4,29,753,5504
13,185,292,5800
7,155,549,5579
4,74,60,6152
2,115,122,6051
6,67,268,5949
3,57,65,6165
2,56,68,6164
2,9,54,6225
17,33,87,6153
4,53,4,6229
3,62,5,6220
2,89,70,6129
10,391,321,5568
2,12,82,6194
9,109,126,6046
18,116,207,5949
41,149,99,6001
15,88,851,5336
4,98,112,6076
2,218,193,5877
18,228,5,6039
5,435,119,5731
2,6,547,5735
2,99,90,6099
13,4,159,6114
4,87,9,6190
2,21,63,6204
2,9,304,5975
2,250,11,6027
3,73,67,6147
10,297,371,5612
13,516,130,5631
17,306,317,5650
8,415,272,5595
3,143,123,6021
2,5,262,6021
7,196,20,6067
21,316,156,5797
5,80,54,6151
3,84,60,6143
4,2,41,6243
2,166,174,5948
2,22,30,6236
3,165,83,6039
8,254,49,5979
2,3,236,6049
2,7,116,6165
4,189,155,5942
6,24,259,6001
8,223,286,5773
3,103,74,6110
3,91,349,5847
5,442,657,5186
4,208,605,5473
4,85,50,6151
25,264,319,5682
4,241,222,5823
19,163,644,5464
6,134,443,5707
5,514,386,5385
2,183,375,5730
2,140,166,5982
2,114,127,6047
6,319,116,5849
9,217,27,6037
16,228,391,5655
8,237,401,5644
29,106,143,6012
4,40,697,5549
32,296,232,5730
2,215,846,5227
2,259,38,5991
7,201,64,6018
9,404,349,5528
7,381,206,5696
4,777,325,5184
3,847,1122,4318
13,639,25,5613
9,319,449,5513
5,628,59,5598
12,511,84,5683
4,543,12,5731
6,358,1542,4384
4,605,285,5396
23,1011,64,5192
9,770,119,5392
8,744,43,5495
3,672,401,5214
4,270,125,5891
16,561,392,5321
6,109,43,6132
7,2,179,6102
7,134,125,6024
26,45,297,5922
12,245,189,5844
14,437,179,5660
10,482,65,5733
16,719,142,5413
14,429,158,5689
45,967,411,4867
20,227,19,6024
31,259,129,5871
4,44,1006,5236
8,40,148,6094
3,16,1474,4797
12,179,590,5509
10,123,101,6056
15,29,126,6120
8,91,127,6064
4,32,99,6155
6,39,59,6186
14,46,18,6212
5,10,27,6248
7,21,47,6215
2,38,817,5433
16,209,60,6005
3,301,406,5580
13,184,117,5976
5,90,207,5988
15,77,59,6139
7,55,1237,4991
17,39,445,5789
26,41,214,6009
13,78,170,6029
6,40,282,5962
5,106,125,6054
9,132,58,6091
5,68,181,6036
2,747,40,5501
6,15,611,5658
10,191,239,5850
6,20,106,6158
2,182,144,5962
16,149,287,5838
2,16,1641,4631
21,26,107,6136
10,106,71,6103
7,31,138,6114
3,170,818,5299
2,8,200,6080
5,4,1579,4702
4,15,789,5482
2,54,291,5943
10,6,78,6196
22,581,32,5655
3,3,4,6280
3,249,214,5824
8,144,665,5473
7,219,16,6048
7,210,160,5913
3,100,139,6048
57,230,188,5815
2,170,51,6067
5,326,825,5134
17,121,15,6137
4,86,931,5269
3,133,1442,4712
7,273,127,5883
7,211,918,5154
10,329,121,5830
8,186,1031,5065
5,314,219,5752
13,543,1094,4640
31,1574,209,4476
12,198,294,5786
30,2,165,6093
45,5,247,5993
43,183,261,5803
8,13,180,6089
30,58,92,6110
50,71,137,6032
70,165,119,5936
10,112,229,5939
20,224,150,5896
9,41,145,6095
4,40,68,6178
2,109,17,6162
2,541,414,5333
38,116,292,5844
124,97,75,5994
5,158,11,6116
10,48,38,6194
47,183,321,5739
49,80,82,6079
3,84,234,5969
29,5,86,6170
22,90,117,6061
5,32,47,6206
2,5,84,6199
3,56,39,6192
2,3,157,6128
5,15,92,6178
5,10,15,6260
2,15,8,6265
3,87,228,5972
22,19,65,6184
9,68,136,6077
44,65,51,6130
6,22,69,6193
4,29,99,6158
5,11,28,6246
18,40,146,6086
8,68,146,6068
2,15,42,6231
10,203,56,6021
2,42,93,6153
23,9,23,6235
3,4,134,6149
2,415,255,5618
12,176,73,6029
4,26,23,6237
20,10,64,6196
5,24,223,6038
9,131,69,6081
15,112,54,6109
22,50,91,6127
7,5,128,6150
35,96,23,6136
6,6,90,6188
7,15,43,6225
8,9,20,6253
46,3,22,6219
7,26,84,6173
7,26,176,6081
5,45,21,6219
11,96,105,6078
38,62,11,6179
39,4,48,6199
44,48,25,6173
44,76,41,6129
3,56,190,6041
3,20,8,6259
3,166,105,6016
5,49,67,6169
7,25,121,6137
2,34,11,6243
10,16,31,6233
6,31,99,6154
4,15,65,6206
2,32,11,6245
5,39,30,6216
16,33,77,6164
5,15,77,6193
4,24,59,6203
13,105,9,6163
27,48,7,6208
5,30,321,5934
4,42,84,6160
2,79,32,6177
2,99,14,6175
2,75,109,6104
5,77,206,6002
2,25,71,6192
2,241,102,5945
2,9,642,5637
3,589,814,4884
8,175,1006,5101
12,112,54,6112
3,124,87,6076
15,5,124,6146
17,220,177,5876
24,205,9,6052
3,11,320,5956
3,4,8,6275
5,84,4,6197
4,27,42,6217
2,9,390,5889
3,41,315,5931
5,189,111,5985
3,58,34,6195
4,14,9,6263
3,80,30,6177
16,129,142,6003
6,79,259,5946
3,101,375,5811
8,9,330,5943
10,448,92,5740
12,3,283,5992
2,149,229,5910
2,4,102,6182
20,293,39,5938
5,14,270,6001
3,85,129,6073
30,126,222,5912
21,254,34,5981
36,307,68,5879
4,221,206,5859
6,684,155,5445
11,584,62,5633
12,693,341,5244
21,441,95,5733
27,294,57,5912
17,301,254,5718
64,297,74,5855
8,54,418,5810
3,26,39,6222
3,35,105,6147
28,17,592,5653
3,88,27,6172
6,14,95,6175
7,36,772,5475
13,175,260,5842
17,72,767,5434
2,224,498,5566
2,403,287,5598
9,1107,24,5150
8,84,355,5843
31,138,464,5657
4,1187,258,4841
38,24,849,5379
21,49,132,6088
32,32,68,6158
2,70,352,5866
121,641,63,5465
16,2,456,5816
2,39,45,6204
27,3,8,6252
55,11,57,6167
4,20,30,6236
2,6,5,6277
19,591,14,5666
25,66,48,6151
34,84,107,6065
46,3,50,6191
17,45,13,6215
64,64,13,6149
2,62,14,6212
4,30,61,6195
2,20,68,6200
14,46,81,6149
2,40,104,6144
5,81,241,5963
2,121,1066,5101
26,54,165,6045
3,60,76,6151
2,10,167,6111
8,388,9,5885
10,61,176,6043
4,183,107,5996
6,153,135,5996
13,487,86,5704
39,248,217,5786
34,130,896,5230
6,303,822,5159
4,501,362,5423
49,914,209,5118
8,62,836,5384
21,51,7,6211
13,13,53,6211
58,114,50,6068
14,40,53,6183
10,192,452,5636
17,133,133,6007
39,260,84,5907
55,820,89,5326
72,28,28,6162
43,131,191,5925
22,190,599,5479
